1 0 
1 0.005 
0.9999 0.01 
0.9997 0.0149995 
0.9994 0.019998 
0.999 0.024995 
0.9985 0.02999 
0.9979 0.0349825 
0.997201 0.039972 
0.996401 0.044958 
0.995502 0.04994 
0.994503 0.0549175 
0.993405 0.05989 
0.992207 0.0648571 
0.99091 0.0698181 
0.989514 0.0747727 
0.988018 0.0797202 
0.986424 0.0846603 
0.984731 0.0895924 
0.982939 0.0945161 
0.981048 0.0994308 
0.97906 0.104336 
0.976973 0.109231 
0.974788 0.114116 
0.972506 0.11899 
0.970126 0.123853 
0.967649 0.128703 
0.965075 0.133542 
0.962404 0.138367 
0.959637 0.143179 
0.956773 0.147977 
0.953814 0.152761 
0.950759 0.15753 
0.947608 0.162284 
0.944362 0.167022 
0.941022 0.171744 
0.937587 0.176449 
0.934058 0.181137 
0.930435 0.185807 
0.926719 0.190459 
0.92291 0.195093 
0.919008 0.199707 
0.915014 0.204302 
0.910928 0.208877 
0.90675 0.213432 
0.902482 0.217966 
0.898123 0.222478 
0.893673 0.226969 
0.889134 0.231437 
0.884505 0.235883 
0.879787 0.240305 
0.874981 0.244704 
0.870087 0.249079 
0.865105 0.25343 
0.860037 0.257755 
0.854882 0.262055 
0.849641 0.26633 
0.844314 0.270578 
0.838902 0.2748 
0.833406 0.278994 
0.827827 0.283161 
0.822163 0.2873 
0.816417 0.291411 
0.810589 0.295493 
0.804679 0.299546 
0.798688 0.30357 
0.792617 0.307563 
0.786466 0.311526 
0.780235 0.315458 
0.773926 0.31936 
0.767539 0.323229 
0.761074 0.327067 
0.754533 0.330872 
0.747915 0.334645 
0.741223 0.338384 
0.734455 0.342091 
0.727613 0.345763 
0.720698 0.349401 
0.71371 0.353004 
0.70665 0.356573 
0.699518 0.360106 
0.692316 0.363604 
0.685044 0.367065 
0.677703 0.370491 
0.670293 0.373879 
0.662815 0.377231 
0.655271 0.380545 
0.64766 0.383821 
0.639983 0.387059 
0.632242 0.390259 
0.624437 0.39342 
0.616569 0.396543 
0.608638 0.399625 
0.600645 0.402669 
0.592592 0.405672 
0.584478 0.408635 
0.576306 0.411557 
0.568075 0.414439 
0.559786 0.417279 
0.55144 0.420078 
0.543039 0.422835 
0.534582 0.42555 
0.526071 0.428223 
0.517506 0.430854 
0.508889 0.433441 
0.500221 0.435986 
0.491501 0.438487 
0.482731 0.440944 
0.473912 0.443358 
0.465045 0.445728 
0.456131 0.448053 
0.447169 0.450333 
0.438163 0.452569 
0.429111 0.45476 
0.420016 0.456906 
0.410878 0.459006 
0.401698 0.46106 
0.392477 0.463069 
0.383215 0.465031 
0.373915 0.466947 
0.364576 0.468817 
0.355199 0.47064 
0.345787 0.472416 
0.336338 0.474144 
0.326856 0.475826 
0.317339 0.47746 
0.30779 0.479047 
0.298209 0.480586 
0.288597 0.482077 
0.278956 0.48352 
0.269285 0.484915 
0.259587 0.486261 
0.249862 0.487559 
0.24011 0.488809 
0.230334 0.490009 
0.220534 0.491161 
0.210711 0.492263 
0.200866 0.493317 
0.190999 0.494321 
0.181113 0.495276 
0.171207 0.496182 
0.161284 0.497038 
0.151343 0.497844 
0.141386 0.498601 
0.131414 0.499308 
0.121428 0.499965 
0.111429 0.500572 
0.101417 0.501129 
0.0913945 0.501636 
0.0813618 0.502093 
0.0713199 0.5025 
0.0612699 0.502857 
0.0512128 0.503163 
0.0411495 0.503419 
0.0310812 0.503625 
0.0210087 0.50378 
0.0109331 0.503885 
0.000855345 0.50394 
-0.00922346 0.503944 
-0.0193023 0.503898 
-0.0293803 0.503802 
-0.0394563 0.503655 
-0.0495294 0.503458 
-0.0595986 0.50321 
-0.0696628 0.502912 
-0.079721 0.502564 
-0.0897723 0.502165 
-0.0998156 0.501716 
-0.10985 0.501217 
-0.119874 0.500668 
-0.129888 0.500068 
-0.139889 0.499419 
-0.149877 0.49872 
-0.159852 0.49797 
-0.169811 0.497171 
-0.179755 0.496322 
-0.189681 0.495423 
-0.199589 0.494475 
-0.209479 0.493477 
-0.219348 0.492429 
-0.229197 0.491333 
-0.239024 0.490187 
-0.248827 0.488991 
-0.258607 0.487747 
-0.268362 0.486454 
-0.278091 0.485112 
-0.287794 0.483722 
-0.297468 0.482283 
-0.307114 0.480796 
-0.31673 0.47926 
-0.326315 0.477676 
-0.335868 0.476045 
-0.345389 0.474366 
-0.354877 0.472639 
-0.364329 0.470864 
-0.373747 0.469043 
-0.383127 0.467174 
-0.392471 0.465258 
-0.401776 0.463296 
-0.411042 0.461287 
-0.420268 0.459232 
-0.429452 0.45713 
-0.438595 0.454983 
-0.447695 0.45279 
-0.45675 0.450552 
-0.465761 0.448268 
-0.474727 0.445939 
-0.483646 0.443566 
-0.492517 0.441147 
-0.50134 0.438685 
-0.510114 0.436178 
-0.518837 0.433627 
-0.52751 0.431033 
-0.53613 0.428396 
-0.544698 0.425715 
-0.553213 0.422992 
-0.561672 0.420226 
-0.570077 0.417417 
-0.578425 0.414567 
-0.586717 0.411675 
-0.59495 0.408741 
-0.603125 0.405766 
-0.61124 0.402751 
-0.619295 0.399694 
-0.627289 0.396598 
-0.635221 0.393462 
-0.64309 0.390285 
-0.650896 0.38707 
-0.658637 0.383816 
-0.666314 0.380522 
-0.673924 0.377191 
-0.681468 0.373821 
-0.688944 0.370414 
-0.696353 0.366969 
-0.703692 0.363487 
-0.710962 0.359969 
-0.718161 0.356414 
-0.72529 0.352823 
-0.732346 0.349197 
-0.73933 0.345535 
-0.746241 0.341838 
-0.753077 0.338107 
-0.75984 0.334342 
-0.766526 0.330543 
-0.773137 0.32671 
-0.779671 0.322844 
-0.786128 0.318946 
-0.792507 0.315015 
-0.798808 0.311053 
-0.805029 0.307059 
-0.81117 0.303034 
-0.81723 0.298978 
-0.82321 0.294892 
-0.829108 0.290776 
-0.834923 0.28663 
-0.840656 0.282455 
-0.846305 0.278252 
-0.85187 0.274021 
-0.85735 0.269761 
-0.862746 0.265474 
-0.868055 0.261161 
-0.873278 0.25682 
-0.878415 0.252454 
-0.883464 0.248062 
-0.888425 0.243645 
-0.893298 0.239203 
-0.898082 0.234736 
-0.902777 0.230246 
-0.907382 0.225732 
-0.911896 0.221195 
-0.91632 0.216635 
-0.920653 0.212054 
-0.924894 0.207451 
-0.929043 0.202826 
-0.9331 0.198181 
-0.937063 0.193515 
-0.940934 0.18883 
-0.94471 0.184125 
-0.948393 0.179402 
-0.951981 0.17466 
-0.955474 0.1699 
-0.958872 0.165123 
-0.962174 0.160328 
-0.965381 0.155517 
-0.968491 0.15069 
-0.971505 0.145848 
-0.974422 0.14099 
-0.977242 0.136118 
-0.979964 0.131232 
-0.982589 0.126332 
-0.985115 0.121419 
-0.987544 0.116494 
-0.989874 0.111556 
-0.992105 0.106607 
-0.994237 0.101646 
-0.99627 0.096675 
-0.998203 0.0916937 
-1.00004 0.0867026 
-1.00177 0.0817025 
-1.00341 0.0766936 
-1.00494 0.0716766 
-1.00637 0.0666519 
-1.00771 0.06162 
-1.00894 0.0565815 
-1.01007 0.0515368 
-1.0111 0.0464864 
-1.01203 0.0414309 
-1.01286 0.0363708 
-1.01359 0.0313065 
-1.01421 0.0262386 
-1.01474 0.0211675 
-1.01516 0.0160938 
-1.01548 0.011018 
-1.0157 0.0059406 
-1.01582 0.000862085 
-1.01584 -0.00421702 
-1.01575 -0.00929622 
-1.01557 -0.014375 
-1.01528 -0.0194528 
-1.01489 -0.0245292 
-1.0144 -0.0296037 
-1.01381 -0.0346757 
-1.01312 -0.0397448 
-1.01232 -0.0448103 
-1.01142 -0.0498719 
-1.01043 -0.0549291 
-1.00933 -0.0599812 
-1.00813 -0.0650278 
-1.00683 -0.0700685 
-1.00543 -0.0751026 
-1.00393 -0.0801298 
-1.00232 -0.0851494 
-1.00062 -0.090161 
-0.998816 -0.0951641 
-0.996913 -0.100158 
-0.99491 -0.105143 
-0.992807 -0.110117 
-0.990605 -0.115081 
-0.988303 -0.120034 
-0.985902 -0.124976 
-0.983403 -0.129905 
-0.980805 -0.134822 
-0.978108 -0.139726 
-0.975314 -0.144617 
-0.972421 -0.149494 
-0.969432 -0.154356 
-0.966344 -0.159203 
-0.96316 -0.164035 
-0.95988 -0.16885 
-0.956503 -0.17365 
-0.95303 -0.178432 
-0.949461 -0.183197 
-0.945797 -0.187945 
-0.942038 -0.192674 
-0.938185 -0.197384 
-0.934237 -0.202075 
-0.930196 -0.206746 
-0.926061 -0.211397 
-0.921833 -0.216027 
-0.917512 -0.220636 
-0.913099 -0.225224 
-0.908595 -0.229789 
-0.903999 -0.234332 
-0.899313 -0.238852 
-0.894535 -0.243349 
-0.889669 -0.247822 
-0.884712 -0.25227 
-0.879667 -0.256694 
-0.874533 -0.261092 
-0.869311 -0.265465 
-0.864002 -0.269811 
-0.858605 -0.274131 
-0.853123 -0.278424 
-0.847554 -0.28269 
-0.841901 -0.286928 
-0.836162 -0.291137 
-0.830339 -0.295318 
-0.824433 -0.29947 
-0.818444 -0.303592 
-0.812372 -0.307684 
-0.806218 -0.311746 
-0.799983 -0.315777 
-0.793668 -0.319777 
-0.787272 -0.323745 
-0.780797 -0.327682 
-0.774243 -0.331586 
-0.767612 -0.335457 
-0.760903 -0.339295 
-0.754117 -0.343099 
-0.747255 -0.34687 
-0.740317 -0.350606 
-0.733305 -0.354308 
-0.726219 -0.357974 
-0.71906 -0.361605 
-0.711827 -0.365201 
-0.704523 -0.36876 
-0.697148 -0.372282 
-0.689703 -0.375768 
-0.682187 -0.379217 
-0.674603 -0.382628 
-0.66695 -0.386001 
-0.65923 -0.389335 
-0.651444 -0.392632 
-0.643591 -0.395889 
-0.635673 -0.399107 
-0.627691 -0.402285 
-0.619645 -0.405424 
-0.611537 -0.408522 
-0.603366 -0.411579 
-0.595135 -0.414596 
-0.586843 -0.417572 
-0.578492 -0.420506 
-0.570081 -0.423399 
-0.561613 -0.426249 
-0.553088 -0.429057 
-0.544507 -0.431823 
-0.535871 -0.434545 
-0.52718 -0.437224 
-0.518435 -0.43986 
-0.509638 -0.442452 
-0.500789 -0.445001 
-0.491889 -0.447505 
-0.482939 -0.449964 
-0.47394 -0.452379 
-0.464892 -0.454748 
-0.455797 -0.457073 
-0.446656 -0.459352 
-0.437469 -0.461585 
-0.428237 -0.463773 
-0.418962 -0.465914 
-0.409643 -0.468009 
-0.400283 -0.470057 
-0.390882 -0.472058 
-0.381441 -0.474013 
-0.371961 -0.47592 
-0.362442 -0.47778 
-0.352887 -0.479592 
-0.343295 -0.481356 
-0.333668 -0.483073 
-0.324006 -0.484741 
-0.314311 -0.486361 
-0.304584 -0.487933 
-0.294826 -0.489456 
-0.285036 -0.49093 
-0.275218 -0.492355 
-0.265371 -0.493731 
-0.255496 -0.495058 
-0.245595 -0.496335 
-0.235668 -0.497563 
-0.225717 -0.498742 
-0.215742 -0.49987 
-0.205745 -0.500949 
-0.195726 -0.501978 
-0.185686 -0.502956 
-0.175627 -0.503885 
-0.165549 -0.504763 
-0.155454 -0.505591 
-0.145342 -0.506368 
-0.135215 -0.507095 
-0.125073 -0.507771 
-0.114918 -0.508396 
-0.10475 -0.508971 
-0.0945704 -0.509494 
-0.0843805 -0.509967 
-0.0741811 -0.510389 
-0.0639734 -0.51076 
-0.0537582 -0.51108 
-0.0435366 -0.511349 
-0.0333096 -0.511566 
-0.0230783 -0.511733 
-0.0128436 -0.511848 
-0.00260663 -0.511912 
0.00763162 -0.511926 
0.0178701 -0.511887 
0.0281079 -0.511798 
0.0383438 -0.511657 
0.048577 -0.511466 
0.0588063 -0.511223 
0.0690308 -0.510929 
0.0792493 -0.510584 
0.089461 -0.510187 
0.0996648 -0.50974 
0.10986 -0.509242 
0.120044 -0.508693 
0.130218 -0.508092 
0.14038 -0.507441 
0.150529 -0.506739 
0.160664 -0.505987 
0.170783 -0.505183 
0.180887 -0.504329 
0.190974 -0.503425 
0.201042 -0.50247 
0.211092 -0.501465 
0.221121 -0.500409 
0.231129 -0.499304 
0.241115 -0.498148 
0.251078 -0.496943 
0.261017 -0.495687 
0.270931 -0.494382 
0.280818 -0.493027 
0.290679 -0.491623 
0.300511 -0.49017 
0.310315 -0.488667 
0.320088 -0.487116 
0.32983 -0.485515 
0.339541 -0.483866 
0.349218 -0.482169 
0.358861 -0.480422 
0.36847 -0.478628 
0.378042 -0.476786 
0.387578 -0.474896 
0.397076 -0.472958 
0.406535 -0.470972 
0.415955 -0.46894 
0.425333 -0.46686 
0.434671 -0.464733 
0.443965 -0.46256 
0.453217 -0.46034 
0.462423 -0.458074 
0.471585 -0.455762 
0.4807 -0.453404 
0.489768 -0.451 
0.498788 -0.448552 
0.507759 -0.446058 
0.51668 -0.443519 
0.525551 -0.440935 
0.534369 -0.438308 
0.543136 -0.435636 
0.551848 -0.43292 
0.560507 -0.430161 
0.56911 -0.427358 
0.577657 -0.424513 
0.586147 -0.421625 
0.59458 -0.418694 
0.602954 -0.415721 
0.611268 -0.412706 
0.619522 -0.40965 
0.627715 -0.406552 
0.635846 -0.403414 
0.643915 -0.400234 
0.651919 -0.397015 
0.65986 -0.393755 
0.667735 -0.390456 
0.675544 -0.387117 
0.683286 -0.38374 
0.690961 -0.380323 
0.698567 -0.376868 
0.706105 -0.373375 
0.713572 -0.369845 
0.720969 -0.366277 
0.728295 -0.362672 
0.735548 -0.359031 
0.742729 -0.355353 
0.749836 -0.351639 
0.756869 -0.34789 
0.763826 -0.344106 
0.770708 -0.340287 
0.777514 -0.336433 
0.784243 -0.332546 
0.790894 -0.328624 
0.797466 -0.32467 
0.80396 -0.320683 
0.810373 -0.316663 
0.816707 -0.312611 
0.822959 -0.308527 
0.829129 -0.304413 
0.835218 -0.300267 
0.841223 -0.296091 
0.847145 -0.291885 
0.852982 -0.287649 
0.858735 -0.283384 
0.864403 -0.27909 
0.869985 -0.274768 
0.87548 -0.270418 
0.880889 -0.266041 
0.88621 -0.261637 
0.891442 -0.257206 
0.896586 -0.252748 
0.901641 -0.248265 
0.906607 -0.243757 
0.911482 -0.239224 
0.916266 -0.234667 
0.92096 -0.230085 
0.925561 -0.225481 
0.930071 -0.220853 
0.934488 -0.216203 
0.938812 -0.21153 
0.943043 -0.206836 
0.947179 -0.202121 
0.951222 -0.197385 
0.955169 -0.192629 
0.959022 -0.187853 
0.962779 -0.183058 
0.96644 -0.178244 
0.970005 -0.173412 
0.973473 -0.168562 
0.976845 -0.163694 
0.980118 -0.15881 
0.983295 -0.15391 
0.986373 -0.148993 
0.989353 -0.144061 
0.992234 -0.139114 
0.995016 -0.134153 
0.997699 -0.129178 
1.00028 -0.12419 
1.00277 -0.119188 
1.00515 -0.114174 
1.00743 -0.109149 
1.00962 -0.104112 
1.0117 -0.0990634 
1.01368 -0.0940049 
1.01556 -0.0889365 
1.01734 -0.0838587 
1.01902 -0.078772 
1.02059 -0.073677 
1.02207 -0.068574 
1.02344 -0.0634637 
1.02471 -0.0583465 
1.02587 -0.053223 
1.02694 -0.0480936 
1.0279 -0.0429589 
1.02876 -0.0378194 
1.02951 -0.0326756 
1.03017 -0.027528 
1.03072 -0.0223772 
1.03117 -0.0172236 
1.03151 -0.0120678 
1.03175 -0.00691021 
1.03189 -0.00175145 
