0 1.05366
1 2.10732
2 3.16099
3 4.21465
4 5.26831
5 6.32198
6 7.37564
7 8.4293
8 9.48296
9 10.5366
10 11.5903
11 12.644
12 13.6976
13 14.7513
14 15.8049
15 16.8586
16 17.9123
17 18.9659
18 20.0196
19 21.0733
20 22.1269
21 23.1806
22 24.2342
23 25.2879
24 26.3416
25 27.3952
26 28.4489
27 29.5026
28 30.5562
29 31.6099
30 32.6635
31 33.7172
32 34.7709
33 35.8245
34 36.8782
35 37.9319
36 38.9855
37 40.0392
38 41.0928
39 42.1465
40 43.2002
41 44.2538
42 45.3075
43 46.3612
44 47.4148
45 48.4685
46 49.5221
47 50.5758
48 51.6295
49 52.6831
50 53.7368
51 54.7905
52 55.8441
53 56.8978
54 57.9514
55 59.0051
56 60.0588
57 61.1124
58 62.1661
59 63.2198
60 64.2734
61 65.3271
62 66.3807
63 67.4344
64 68.4881
65 69.5417
66 70.5954
67 71.6491
68 72.7027
69 73.7564
70 74.81
71 75.8637
72 76.9174
73 77.971
74 79.0247
75 80.0784
76 81.132
77 82.1857
78 83.2393
79 84.293
80 85.3467
81 86.4003
82 87.454
83 88.5077
84 89.5613
85 90.615
86 91.6686
87 92.7223
88 93.776
89 94.8296
90 95.8833
91 96.937
92 97.9906
93 99.0443
94 100.098
95 101.152
96 102.205
97 103.259
98 104.313
99 105.366
100 106.42
101 107.474
102 108.527
103 109.581
104 110.635
105 111.688
106 112.742
107 113.796
108 114.849
109 115.903
110 116.957
111 118.01
112 119.064
113 120.118
114 121.171
115 122.225
116 123.279
117 124.332
118 125.386
119 126.44
120 127.493
121 128.547
122 129.6
123 130.654
124 131.708
125 132.761
126 133.815
127 134.869
128 135.922
129 136.976
130 138.03
131 139.083
132 140.137
133 141.191
134 142.244
135 143.298
136 144.352
137 145.405
138 146.459
139 147.513
140 148.566
141 149.62
142 150.674
143 151.727
144 152.781
145 153.835
146 154.888
147 155.942
148 156.996
149 158.049
150 159.103
151 160.157
152 161.21
153 162.264
154 163.318
155 164.371
156 165.425
157 166.479
158 167.532
159 168.586
160 169.64
161 170.693
162 171.747
163 172.801
164 173.854
165 174.908
166 175.962
167 177.015
168 178.069
169 179.123
170 180.176
171 181.23
172 182.284
173 183.337
174 184.391
175 185.445
176 186.498
177 187.552
178 188.606
179 189.659
180 190.713
181 191.767
182 192.82
183 193.874
184 194.928
185 195.981
186 197.035
187 198.089
188 199.142
189 200.196
190 201.25
191 202.303
192 203.357
193 204.411
194 205.464
195 206.518
196 207.572
197 208.625
198 209.679
199 210.733
200 211.786
201 212.84
202 213.894
203 214.947
204 216.001
205 217.054
206 218.108
207 219.162
208 220.215
209 221.269
210 222.323
211 223.376
212 224.43
213 225.484
214 226.537
215 227.591
216 228.645
217 229.698
218 230.752
219 231.806
220 232.859
221 233.913
222 234.967
223 236.02
224 237.074
225 238.128
226 239.181
227 240.235
228 241.289
229 242.342
230 243.396
231 244.45
232 245.503
233 246.557
234 247.611
235 248.664
236 249.718
237 250.772
238 251.825
239 252.879
240 253.933
241 254.986
242 256.04
243 257.094
244 258.147
245 259.201
246 260.255
247 261.308
248 262.362
249 263.416
250 264.469
251 265.523
252 266.577
253 267.63
254 268.684
255 269.738
256 270.791
257 271.845
258 272.899
259 273.952
260 275.006
261 276.06
262 277.113
263 278.167
264 279.221
265 280.274
266 281.328
267 282.382
268 283.435
269 284.489
270 285.543
271 286.596
272 287.65
273 288.704
274 289.757
275 290.811
276 291.865
277 292.918
278 293.972
279 295.026
280 296.079
281 297.133
282 298.187
283 299.24
284 300.294
285 301.348
286 302.401
287 303.455
288 304.508
289 305.562
290 306.616
291 307.669
292 308.723
293 309.777
294 310.83
295 311.884
296 312.938
297 313.991
298 315.045
299 316.099
300 317.152
301 318.206
302 319.26
303 320.313
304 321.367
305 322.421
306 323.474
307 324.528
308 325.582
309 326.635
310 327.689
311 328.743
312 329.796
313 330.85
314 331.904
315 332.957
316 334.011
317 335.065
318 336.118
319 337.172
320 338.226
321 339.279
322 340.333
323 341.387
324 342.44
325 343.494
326 344.548
327 345.601
328 346.655
329 347.709
330 348.762
331 349.816
332 350.87
333 351.923
334 352.977
335 354.031
336 355.084
337 356.138
338 357.192
339 358.245
340 359.299
341 360.353
342 361.406
343 362.46
344 363.514
345 364.567
346 365.621
347 366.675
348 367.728
349 368.782
350 369.836
351 370.889
352 371.943
353 372.997
354 374.05
355 375.104
356 376.158
357 377.211
358 378.265
359 379.319
360 380.372
361 381.426
362 382.48
363 383.533
364 384.587
365 385.641
366 386.694
367 387.748
368 388.801
369 389.855
370 390.909
371 391.962
372 393.016
373 394.07
374 395.123
375 396.177
376 397.231
377 398.284
378 399.338
379 400.392
380 401.445
381 402.499
382 403.553
383 404.606
384 405.66
385 406.714
386 407.767
387 408.821
388 409.875
389 410.928
390 411.982
391 413.036
392 414.089
393 415.143
394 416.197
395 417.25
396 418.304
397 419.358
398 420.411
399 421.465
