10 0  0
10 0.196011  0
10 0.392022  0
10 0.588033  0
10 0.784045  0
10 0.980056  0
10 1.17607  0
10 1.37208  0
10 1.56809  0
9.99999 1.7641  0
9.99999 1.96011  0
9.99999 2.15612  0
9.99999 2.35213  0
9.99999 2.54814  0
9.99999 2.74415  0
9.99998 2.94017  0
9.99998 3.13618  0
9.99998 3.33219  0
9.99998 3.5282  0
9.99997 3.72421  0
9.99997 3.92022  0
9.99997 4.11623  0
9.99997 4.31224  0
9.99996 4.50825  0
9.99996 4.70426  0
9.99996 4.90027  0
9.99995 5.09628  0
9.99995 5.29229  0
9.99995 5.4883  0
9.99994 5.68431  0
9.99994 5.88032  0
9.99993 6.07633  0
9.99993 6.27234  0
9.99993 6.46835  0
9.99992 6.66436  0
9.99992 6.86037  0
9.99991 7.05638  0
9.99991 7.25239  0
9.99991 7.4484  0
9.9999 7.64441  0
9.9999 7.84042  0
9.99989 8.03643  0
9.99989 8.23244  0
9.99988 8.42845  0
9.99988 8.62446  0
9.99987 8.82047  0
9.99987 9.01648  0
9.99986 9.21249  0
9.99986 9.4085  0
9.99985 9.6045  0
9.99985 9.80051  0
9.99984 9.99652  0
9.99984 10.1925  0
9.99983 10.3885  0
9.99983 10.5845  0
9.99982 10.7806  0
9.99981 10.9766  0
9.99981 11.1726  0
9.9998 11.3686  0
9.9998 11.5646  0
9.99979 11.7606  0
9.99979 11.9566  0
9.99978 12.1526  0
9.99977 12.3486  0
9.99977 12.5446  0
9.99976 12.7406  0
9.99976 12.9367  0
9.99975 13.1327  0
9.99974 13.3287  0
9.99974 13.5247  0
9.99973 13.7207  0
9.99973 13.9167  0
9.99972 14.1127  0
9.99971 14.3087  0
9.99971 14.5047  0
9.9997 14.7007  0
9.9997 14.8967  0
9.99969 15.0927  0
9.99968 15.2887  0
9.99968 15.4848  0
9.99967 15.6808  0
9.99966 15.8768  0
9.99966 16.0728  0
9.99965 16.2688  0
9.99964 16.4648  0
9.99964 16.6608  0
9.99963 16.8568  0
9.99963 17.0528  0
9.99962 17.2488  0
9.99961 17.4448  0
9.99961 17.6408  0
9.9996 17.8368  0
9.99959 18.0329  0
9.99959 18.2289  0
9.99958 18.4249  0
9.99957 18.6209  0
9.99957 18.8169  0
9.99956 19.0129  0
9.99955 19.2089  0
9.99955 19.4049  0
9.99954 19.6009  0
9.99953 19.7969  0
9.99953 19.9929  0
9.99952 20.1889  0
9.99951 20.3849  0
9.99951 20.5809  0
9.9995 20.777  0
9.99949 20.973  0
9.99949 21.169  0
9.99948 21.365  0
9.99947 21.561  0
9.99947 21.757  0
9.99946 21.953  0
9.99945 22.149  0
9.99944 22.345  0
9.99944 22.541  0
9.99943 22.737  0
9.99942 22.933  0
9.99942 23.129  0
9.99941 23.325  0
9.9994 23.521  0
9.9994 23.7171  0
9.99939 23.9131  0
9.99938 24.1091  0
9.99938 24.3051  0
9.99937 24.5011  0
9.99936 24.6971  0
9.99936 24.8931  0
9.99935 25.0891  0
9.99934 25.2851  0
9.99933 25.4811  0
9.99933 25.6771  0
9.99932 25.8731  0
9.99931 26.0691  0
9.99931 26.2651  0
9.9993 26.4611  0
9.99929 26.6571  0
9.99928 26.8532  0
9.99928 27.0492  0
9.99927 27.2452  0
9.99926 27.4412  0
9.99926 27.6372  0
9.99925 27.8332  0
9.99924 28.0292  0
9.99924 28.2252  0
9.99923 28.4212  0
9.99922 28.6172  0
9.99921 28.8132  0
9.99921 29.0092  0
9.9992 29.2052  0
9.99919 29.4012  0
9.99919 29.5972  0
9.99918 29.7932  0
9.99917 29.9893  0
9.99916 30.1853  0
9.99916 30.3813  0
9.99915 30.5773  0
9.99914 30.7733  0
9.99914 30.9693  0
9.99913 31.1653  0
9.99912 31.3613  0
9.99911 31.5573  0
9.99911 31.7533  0
9.9991 31.9493  0
9.99909 32.1453  0
9.99909 32.3413  0
9.99908 32.5373  0
9.99907 32.7333  0
9.99906 32.9293  0
9.99906 33.1253  0
9.99905 33.3214  0
9.99904 33.5174  0
9.99904 33.7134  0
9.99903 33.9094  0
9.99902 34.1054  0
9.99901 34.3014  0
9.99901 34.4974  0
9.999 34.6934  0
9.99899 34.8894  0
9.99898 35.0854  0
9.99898 35.2814  0
9.99897 35.4774  0
9.99896 35.6734  0
9.99896 35.8694  0
9.99895 36.0654  0
9.99894 36.2614  0
9.99893 36.4574  0
9.99893 36.6534  0
9.99892 36.8495  0
9.99891 37.0455  0
9.99891 37.2415  0
9.9989 37.4375  0
9.99889 37.6335  0
9.99888 37.8295  0
9.99888 38.0255  0
9.99887 38.2215  0
9.99886 38.4175  0
9.99885 38.6135  0
9.99885 38.8095  0
9.99884 39.0055  0
9.99883 39.2015  0
9.99883 39.3975  0
9.99882 39.5935  0
9.99881 39.7895  0
9.9988 39.9855  0
9.9988 40.1815  0
9.99879 40.3776  0
9.99878 40.5736  0
9.99877 40.7696  0
9.99877 40.9656  0
9.99876 41.1616  0
9.99875 41.3576  0
9.99875 41.5536  0
9.99874 41.7496  0
9.99873 41.9456  0
9.99872 42.1416  0
9.99872 42.3376  0
9.99871 42.5336  0
9.9987 42.7296  0
9.99869 42.9256  0
9.99869 43.1216  0
9.99868 43.3176  0
9.99867 43.5136  0
9.99866 43.7096  0
9.99866 43.9057  0
9.99865 44.1017  0
9.99864 44.2977  0
9.99864 44.4937  0
9.99863 44.6897  0
9.99862 44.8857  0
9.99861 45.0817  0
9.99861 45.2777  0
9.9986 45.4737  0
9.99859 45.6697  0
9.99858 45.8657  0
9.99858 46.0617  0
9.99857 46.2577  0
9.99856 46.4537  0
9.99855 46.6497  0
9.99855 46.8457  0
9.99854 47.0417  0
9.99853 47.2377  0
9.99853 47.4337  0
9.99852 47.6297  0
9.99851 47.8258  0
9.9985 48.0218  0
9.9985 48.2178  0
9.99849 48.4138  0
9.99848 48.6098  0
9.99847 48.8058  0
9.99847 49.0018  0
9.99846 49.1978  0
9.99845 49.3938  0
9.99844 49.5898  0
9.99844 49.7858  0
9.99843 49.9818  0
9.99842 50.1778  0
9.99841 50.3738  0
9.99841 50.5698  0
9.9984 50.7658  0
9.99839 50.9618  0
9.99839 51.1578  0
9.99838 51.3538  0
9.99837 51.5499  0
9.99836 51.7459  0
9.99836 51.9419  0
9.99835 52.1379  0
9.99834 52.3339  0
9.99833 52.5299  0
9.99833 52.7259  0
9.99832 52.9219  0
9.99831 53.1179  0
9.9983 53.3139  0
9.9983 53.5099  0
9.99829 53.7059  0
9.99828 53.9019  0
9.99827 54.0979  0
9.99827 54.2939  0
9.99826 54.4899  0
9.99825 54.6859  0
9.99824 54.8819  0
9.99824 55.0779  0
9.99823 55.2739  0
9.99822 55.47  0
9.99822 55.666  0
9.99821 55.862  0
9.9982 56.058  0
9.99819 56.254  0
9.99819 56.45  0
9.99818 56.646  0
9.99817 56.842  0
9.99816 57.038  0
9.99816 57.234  0
9.99815 57.43  0
9.99814 57.626  0
9.99813 57.822  0
9.99813 58.018  0
9.99812 58.214  0
9.99811 58.41  0
9.9981 58.606  0
9.9981 58.802  0
9.99809 58.998  0
9.99808 59.194  0
9.99807 59.3901  0
9.99807 59.5861  0
9.99806 59.7821  0
9.99805 59.9781  0
9.99805 60.1741  0
9.99804 60.3701  0
9.99803 60.5661  0
9.99802 60.7621  0
9.99802 60.9581  0
9.99801 61.1541  0
9.998 61.3501  0
9.99799 61.5461  0
9.99799 61.7421  0
9.99798 61.9381  0
9.99797 62.1341  0
9.99796 62.3301  0
9.99796 62.5261  0
9.99795 62.7221  0
9.99794 62.9181  0
9.99793 63.1141  0
9.99793 63.3101  0
9.99792 63.5062  0
9.99791 63.7022  0
9.9979 63.8982  0
9.9979 64.0942  0
9.99789 64.2902  0
9.99788 64.4862  0
9.99787 64.6822  0
9.99787 64.8782  0
9.99786 65.0742  0
9.99785 65.2702  0
9.99784 65.4662  0
9.99784 65.6622  0
9.99783 65.8582  0
9.99782 66.0542  0
9.99782 66.2502  0
9.99781 66.4462  0
9.9978 66.6422  0
9.99779 66.8382  0
9.99779 67.0342  0
9.99778 67.2302  0
9.99777 67.4262  0
9.99776 67.6223  0
9.99776 67.8183  0
9.99775 68.0143  0
9.99774 68.2103  0
9.99773 68.4063  0
9.99773 68.6023  0
9.99772 68.7983  0
9.99771 68.9943  0
9.9977 69.1903  0
9.9977 69.3863  0
9.99769 69.5823  0
9.99768 69.7783  0
9.99767 69.9743  0
9.99767 70.1703  0
9.99766 70.3663  0
9.99765 70.5623  0
9.99764 70.7583  0
9.99764 70.9543  0
9.99763 71.1503  0
9.99762 71.3463  0
9.99761 71.5423  0
9.99761 71.7384  0
9.9976 71.9344  0
9.99759 72.1304  0
9.99758 72.3264  0
9.99758 72.5224  0
9.99757 72.7184  0
9.99756 72.9144  0
9.99755 73.1104  0
9.99755 73.3064  0
9.99754 73.5024  0
9.99753 73.6984  0
9.99753 73.8944  0
9.99752 74.0904  0
9.99751 74.2864  0
9.9975 74.4824  0
9.9975 74.6784  0
9.99749 74.8744  0
9.99748 75.0704  0
9.99747 75.2664  0
9.99747 75.4624  0
9.99746 75.6584  0
9.99745 75.8544  0
9.99744 76.0505  0
9.99744 76.2465  0
9.99743 76.4425  0
9.99742 76.6385  0
9.99741 76.8345  0
9.99741 77.0305  0
9.9974 77.2265  0
9.99739 77.4225  0
9.99738 77.6185  0
9.99738 77.8145  0
9.99737 78.0105  0
9.99736 78.2065  0
9.99735 78.4025  0
9.99735 78.5985  0
9.99734 78.7945  0
9.99733 78.9905  0
9.99732 79.1865  0
9.99732 79.3825  0
9.99731 79.5785  0
9.9973 79.7745  0
9.99729 79.9705  0
9.99729 80.1665  0
9.99728 80.3626  0
9.99727 80.5586  0
9.99726 80.7546  0
9.99726 80.9506  0
9.99725 81.1466  0
9.99724 81.3426  0
9.99723 81.5386  0
9.99723 81.7346  0
9.99722 81.9306  0
9.99721 82.1266  0
9.9972 82.3226  0
9.9972 82.5186  0
9.99719 82.7146  0
9.99718 82.9106  0
9.99717 83.1066  0
9.99717 83.3026  0
9.99716 83.4986  0
9.99715 83.6946  0
9.99714 83.8906  0
9.99714 84.0866  0
9.99713 84.2826  0
9.99712 84.4786  0
9.99712 84.6747  0
9.99711 84.8707  0
9.9971 85.0667  0
9.99709 85.2627  0
9.99709 85.4587  0
9.99708 85.6547  0
9.99707 85.8507  0
9.99706 86.0467  0
9.99706 86.2427  0
9.99705 86.4387  0
9.99704 86.6347  0
9.99703 86.8307  0
9.99703 87.0267  0
9.99702 87.2227  0
9.99701 87.4187  0
9.997 87.6147  0
9.997 87.8107  0
9.99699 88.0067  0
9.99698 88.2027  0
9.99697 88.3987  0
9.99697 88.5947  0
9.99696 88.7907  0
9.99695 88.9868  0
9.99694 89.1828  0
9.99694 89.3788  0
9.99693 89.5748  0
9.99692 89.7708  0
9.99691 89.9668  0
9.99691 90.1628  0
9.9969 90.3588  0
9.99689 90.5548  0
9.99688 90.7508  0
9.99688 90.9468  0
9.99687 91.1428  0
9.99686 91.3388  0
9.99685 91.5348  0
9.99685 91.7308  0
9.99684 91.9268  0
9.99683 92.1228  0
9.99682 92.3188  0
9.99682 92.5148  0
9.99681 92.7108  0
9.9968 92.9068  0
9.99679 93.1028  0
9.99679 93.2988  0
9.99678 93.4949  0
9.99677 93.6909  0
9.99676 93.8869  0
9.99676 94.0829  0
9.99675 94.2789  0
9.99674 94.4749  0
9.99673 94.6709  0
9.99673 94.8669  0
9.99672 95.0629  0
9.99671 95.2589  0
9.9967 95.4549  0
9.9967 95.6509  0
9.99669 95.8469  0
9.99668 96.0429  0
9.99667 96.2389  0
9.99667 96.4349  0
9.99666 96.6309  0
9.99665 96.8269  0
9.99664 97.0229  0
9.99664 97.2189  0
9.99663 97.4149  0
9.99662 97.6109  0
9.99661 97.807  0
9.99661 98.003  0
9.9966 98.199  0
9.99659 98.395  0
9.99658 98.591  0
9.99658 98.787  0
9.99657 98.983  0
9.99656 99.179  0
9.99655 99.375  0
9.99655 99.571  0
9.99654 99.767  0
9.99653 99.963  0
9.99652 100.159  0
9.99652 100.355  0
9.99651 100.551  0
9.9965 100.747  0
9.9965 100.943  0
9.99649 101.139  0
9.99648 101.335  0
9.99647 101.531  0
9.99647 101.727  0
9.99646 101.923  0
9.99645 102.119  0
9.99644 102.315  0
9.99644 102.511  0
9.99643 102.707  0
9.99642 102.903  0
9.99641 103.099  0
9.99641 103.295  0
9.9964 103.491  0
9.99639 103.687  0
9.99638 103.883  0
9.99638 104.079  0
9.99637 104.275  0
9.99636 104.471  0
9.99635 104.667  0
9.99635 104.863  0
9.99634 105.059  0
9.99633 105.255  0
9.99632 105.451  0
9.99632 105.647  0
9.99631 105.843  0
9.9963 106.039  0
9.99629 106.235  0
9.99629 106.431  0
9.99628 106.627  0
9.99627 106.823  0
9.99626 107.019  0
9.99626 107.215  0
9.99625 107.411  0
9.99624 107.607  0
9.99623 107.803  0
9.99623 107.999  0
9.99622 108.195  0
9.99621 108.391  0
9.9962 108.587  0
9.9962 108.783  0
9.99619 108.979  0
9.99618 109.175  0
9.99617 109.371  0
9.99617 109.567  0
9.99616 109.763  0
9.99615 109.959  0
9.99614 110.155  0
9.99614 110.351  0
9.99613 110.547  0
9.99612 110.743  0
9.99611 110.939  0
9.99611 111.135  0
9.9961 111.331  0
9.99609 111.527  0
9.99608 111.723  0
9.99608 111.919  0
9.99607 112.115  0
9.99606 112.311  0
9.99605 112.507  0
9.99605 112.703  0
9.99604 112.899  0
9.99603 113.095  0
9.99602 113.291  0
9.99602 113.487  0
9.99601 113.683  0
9.996 113.879  0
9.99599 114.075  0
9.99599 114.271  0
9.99598 114.467  0
9.99597 114.663  0
9.99596 114.859  0
9.99596 115.055  0
9.99595 115.251  0
9.99594 115.447  0
9.99593 115.643  0
9.99593 115.839  0
9.99592 116.035  0
9.99591 116.231  0
9.9959 116.427  0
9.9959 116.623  0
9.99589 116.819  0
9.99588 117.015  0
9.99587 117.211  0
9.99587 117.407  0
9.99586 117.603  0
9.99585 117.799  0
9.99584 117.995  0
9.99584 118.191  0
9.99583 118.387  0
9.99582 118.583  0
9.99581 118.779  0
9.99581 118.975  0
9.9958 119.171  0
9.99579 119.367  0
9.99578 119.563  0
9.99578 119.759  0
9.99577 119.955  0
9.99576 120.151  0
9.99575 120.347  0
9.99575 120.543  0
9.99574 120.739  0
9.99573 120.935  0
9.99572 121.131  0
9.99572 121.327  0
9.99571 121.523  0
9.9957 121.719  0
9.99569 121.915  0
9.99569 122.111  0
9.99568 122.307  0
9.99567 122.503  0
9.99566 122.699  0
9.99566 122.896  0
9.99565 123.092  0
9.99564 123.288  0
9.99563 123.484  0
9.99563 123.68  0
9.99562 123.876  0
9.99561 124.072  0
9.9956 124.268  0
9.9956 124.464  0
9.99559 124.66  0
9.99558 124.856  0
9.99557 125.052  0
9.99557 125.248  0
9.99556 125.444  0
9.99555 125.64  0
9.99554 125.836  0
9.99554 126.032  0
9.99553 126.228  0
9.99552 126.424  0
9.99551 126.62  0
9.99551 126.816  0
9.9955 127.012  0
9.99549 127.208  0
9.99548 127.404  0
9.99548 127.6  0
9.99547 127.796  0
9.99546 127.992  0
9.99545 128.188  0
9.99545 128.384  0
9.99544 128.58  0
9.99543 128.776  0
9.99542 128.972  0
9.99542 129.168  0
9.99541 129.364  0
9.9954 129.56  0
9.99539 129.756  0
9.99539 129.952  0
9.99538 130.148  0
9.99537 130.344  0
9.99536 130.54  0
9.99536 130.736  0
9.99535 130.932  0
9.99534 131.128  0
9.99533 131.324  0
9.99533 131.52  0
9.99532 131.716  0
9.99531 131.912  0
9.9953 132.108  0
9.9953 132.304  0
9.99529 132.5  0
9.99528 132.696  0
9.99527 132.892  0
9.99527 133.088  0
9.99526 133.284  0
9.99525 133.48  0
9.99524 133.676  0
9.99524 133.872  0
9.99523 134.068  0
9.99522 134.264  0
9.99522 134.46  0
9.99521 134.656  0
9.9952 134.852  0
9.99519 135.048  0
9.99519 135.244  0
9.99518 135.44  0
9.99517 135.636  0
9.99516 135.832  0
9.99516 136.028  0
9.99515 136.224  0
9.99514 136.42  0
9.99513 136.616  0
9.99513 136.812  0
9.99512 137.008  0
9.99511 137.204  0
9.9951 137.4  0
9.9951 137.596  0
9.99509 137.792  0
9.99508 137.988  0
9.99507 138.184  0
9.99507 138.38  0
9.99506 138.576  0
9.99505 138.772  0
9.99504 138.968  0
9.99504 139.164  0
9.99503 139.36  0
9.99502 139.556  0
9.99501 139.752  0
9.99501 139.948  0
9.995 140.144  0
9.99499 140.34  0
9.99498 140.536  0
9.99498 140.732  0
9.99497 140.928  0
9.99496 141.124  0
9.99495 141.32  0
9.99495 141.516  0
9.99494 141.712  0
9.99493 141.908  0
9.99492 142.104  0
9.99492 142.3  0
9.99491 142.496  0
9.9949 142.692  0
9.99489 142.888  0
9.99489 143.084  0
9.99488 143.28  0
9.99487 143.476  0
9.99486 143.672  0
9.99486 143.868  0
9.99485 144.064  0
9.99484 144.26  0
9.99483 144.456  0
9.99483 144.652  0
9.99482 144.848  0
9.99481 145.044  0
9.9948 145.24  0
9.9948 145.436  0
9.99479 145.632  0
9.99478 145.828  0
9.99477 146.024  0
9.99477 146.22  0
9.99476 146.416  0
9.99475 146.612  0
9.99474 146.808  0
9.99474 147.004  0
9.99473 147.2  0
9.99472 147.396  0
9.99471 147.592  0
9.99471 147.788  0
9.9947 147.984  0
9.99469 148.18  0
9.99468 148.376  0
9.99468 148.572  0
9.99467 148.768  0
9.99466 148.964  0
9.99465 149.16  0
9.99465 149.356  0
9.99464 149.552  0
9.99463 149.748  0
9.99462 149.944  0
9.99462 150.14  0
9.99461 150.336  0
9.9946 150.532  0
9.99459 150.728  0
9.99459 150.924  0
9.99458 151.12  0
9.99457 151.316  0
9.99456 151.512  0
9.99456 151.708  0
9.99455 151.904  0
9.99454 152.1  0
9.99453 152.296  0
9.99453 152.492  0
9.99452 152.688  0
9.99451 152.884  0
9.9945 153.08  0
9.9945 153.276  0
9.99449 153.472  0
9.99448 153.668  0
9.99447 153.864  0
9.99447 154.06  0
9.99446 154.256  0
9.99445 154.452  0
9.99444 154.648  0
9.99444 154.844  0
9.99443 155.04  0
9.99442 155.236  0
9.99441 155.432  0
9.99441 155.628  0
9.9944 155.824  0
9.99439 156.02  0
9.99438 156.216  0
9.99438 156.412  0
9.99437 156.608  0
9.99436 156.804  0
9.99435 157  0
9.99435 157.196  0
9.99434 157.392  0
9.99433 157.588  0
9.99432 157.784  0
9.99432 157.98  0
9.99431 158.176  0
9.9943 158.372  0
9.99429 158.568  0
9.99429 158.764  0
9.99428 158.96  0
9.99427 159.156  0
9.99426 159.352  0
9.99426 159.548  0
9.99425 159.744  0
9.99424 159.94  0
9.99423 160.136  0
9.99423 160.332  0
9.99422 160.528  0
9.99421 160.724  0
9.9942 160.92  0
9.9942 161.116  0
9.99419 161.312  0
9.99418 161.508  0
9.99417 161.704  0
9.99417 161.9  0
9.99416 162.096  0
9.99415 162.292  0
9.99414 162.488  0
9.99414 162.684  0
9.99413 162.88  0
9.99412 163.076  0
9.99411 163.272  0
9.99411 163.468  0
9.9941 163.664  0
9.99409 163.86  0
9.99408 164.056  0
9.99408 164.252  0
9.99407 164.448  0
9.99406 164.644  0
9.99405 164.84  0
9.99405 165.036  0
9.99404 165.232  0
9.99403 165.428  0
9.99402 165.624  0
9.99402 165.82  0
9.99401 166.016  0
9.994 166.212  0
9.99399 166.408  0
9.99399 166.604  0
9.99398 166.8  0
9.99397 166.996  0
9.99396 167.192  0
9.99396 167.388  0
9.99395 167.584  0
9.99394 167.78  0
9.99393 167.976  0
9.99393 168.172  0
9.99392 168.368  0
9.99391 168.564  0
9.9939 168.76  0
9.9939 168.956  0
9.99389 169.152  0
9.99388 169.348  0
9.99387 169.544  0
9.99387 169.74  0
9.99386 169.936  0
9.99385 170.133  0
9.99384 170.329  0
9.99384 170.525  0
9.99383 170.721  0
9.99382 170.917  0
9.99381 171.113  0
9.99381 171.309  0
9.9938 171.505  0
9.99379 171.701  0
9.99378 171.897  0
9.99378 172.093  0
9.99377 172.289  0
9.99376 172.485  0
9.99375 172.681  0
9.99375 172.877  0
9.99374 173.073  0
9.99373 173.269  0
9.99372 173.465  0
9.99372 173.661  0
9.99371 173.857  0
9.9937 174.053  0
9.99369 174.249  0
9.99369 174.445  0
9.99368 174.641  0
9.99367 174.837  0
9.99366 175.033  0
9.99366 175.229  0
9.99365 175.425  0
9.99364 175.621  0
9.99363 175.817  0
9.99363 176.013  0
9.99362 176.209  0
9.99361 176.405  0
9.9936 176.601  0
9.9936 176.797  0
9.99359 176.993  0
9.99358 177.189  0
9.99357 177.385  0
9.99357 177.581  0
9.99356 177.777  0
9.99355 177.973  0
9.99354 178.169  0
9.99354 178.365  0
9.99353 178.561  0
9.99352 178.757  0
9.99351 178.953  0
9.99351 179.149  0
9.9935 179.345  0
9.99349 179.541  0
9.99348 179.737  0
9.99348 179.933  0
9.99347 180.129  0
9.99346 180.325  0
9.99345 180.521  0
9.99345 180.717  0
9.99344 180.913  0
9.99343 181.109  0
9.99342 181.305  0
9.99342 181.501  0
9.99341 181.697  0
9.9934 181.893  0
9.99339 182.089  0
9.99339 182.285  0
9.99338 182.481  0
9.99337 182.677  0
9.99336 182.873  0
9.99336 183.069  0
9.99335 183.265  0
9.99334 183.461  0
9.99333 183.657  0
9.99333 183.853  0
9.99332 184.049  0
9.99331 184.245  0
9.9933 184.441  0
9.9933 184.637  0
9.99329 184.833  0
9.99328 185.029  0
9.99327 185.225  0
9.99327 185.421  0
9.99326 185.617  0
9.99325 185.813  0
9.99324 186.009  0
9.99324 186.205  0
9.99323 186.401  0
9.99322 186.597  0
9.99321 186.793  0
9.99321 186.989  0
9.9932 187.185  0
9.99319 187.381  0
9.99318 187.577  0
9.99318 187.773  0
9.99317 187.969  0
9.99316 188.165  0
9.99315 188.361  0
9.99315 188.557  0
9.99314 188.753  0
9.99313 188.949  0
9.99312 189.145  0
9.99312 189.341  0
9.99311 189.537  0
9.9931 189.733  0
9.99309 189.929  0
9.99309 190.125  0
9.99308 190.321  0
9.99307 190.517  0
9.99306 190.713  0
9.99306 190.909  0
9.99305 191.105  0
9.99304 191.301  0
9.99303 191.497  0
9.99303 191.693  0
9.99302 191.889  0
9.99301 192.085  0
9.993 192.281  0
9.993 192.477  0
9.99299 192.673  0
9.99298 192.869  0
9.99297 193.065  0
9.99297 193.261  0
9.99296 193.457  0
9.99295 193.653  0
9.99294 193.849  0
9.99294 194.045  0
9.99293 194.241  0
9.99292 194.437  0
9.99291 194.633  0
9.99291 194.829  0
9.9929 195.025  0
9.99289 195.221  0
9.99288 195.417  0
9.99288 195.613  0
9.99287 195.809  0
9.99286 196.005  0
9.99285 196.201  0
9.99285 196.397  0
9.99284 196.593  0
9.99283 196.789  0
9.99282 196.985  0
9.99282 197.181  0
9.99281 197.377  0
9.9928 197.573  0
9.99279 197.769  0
9.99279 197.965  0
9.99278 198.161  0
9.99277 198.357  0
9.99276 198.553  0
9.99276 198.749  0
9.99275 198.945  0
9.99274 199.141  0
9.99273 199.337  0
9.99273 199.533  0
9.99272 199.729  0
9.99271 199.925  0
9.9927 200.121  0
9.9927 200.317  0
9.99269 200.513  0
9.99268 200.709  0
9.99267 200.905  0
9.99267 201.101  0
9.99266 201.297  0
9.99265 201.493  0
9.99264 201.689  0
9.99264 201.885  0
9.99263 202.081  0
9.99262 202.277  0
9.99261 202.473  0
9.99261 202.669  0
9.9926 202.865  0
9.99259 203.061  0
9.99258 203.257  0
9.99258 203.453  0
9.99257 203.649  0
9.99256 203.845  0
9.99255 204.041  0
9.99255 204.237  0
9.99254 204.433  0
9.99253 204.629  0
9.99252 204.825  0
9.99252 205.021  0
9.99251 205.217  0
9.9925 205.413  0
9.99249 205.609  0
9.99249 205.805  0
9.99248 206.001  0
9.99247 206.197  0
9.99246 206.393  0
9.99246 206.589  0
9.99245 206.785  0
9.99244 206.981  0
9.99243 207.177  0
9.99243 207.373  0
9.99242 207.569  0
9.99241 207.765  0
9.9924 207.961  0
9.9924 208.157  0
9.99239 208.353  0
9.99238 208.549  0
9.99237 208.745  0
9.99237 208.941  0
9.99236 209.137  0
9.99235 209.333  0
9.99234 209.529  0
9.99234 209.725  0
9.99233 209.921  0
9.99232 210.117  0
9.99231 210.313  0
9.99231 210.509  0
9.9923 210.705  0
9.99229 210.901  0
9.99228 211.097  0
9.99228 211.293  0
9.99227 211.489  0
9.99226 211.685  0
9.99225 211.881  0
9.99225 212.077  0
9.99224 212.273  0
9.99223 212.469  0
9.99222 212.665  0
9.99221 212.861  0
9.99221 213.057  0
9.9922 213.253  0
9.99219 213.449  0
9.99218 213.645  0
9.99218 213.841  0
9.99217 214.037  0
9.99216 214.233  0
9.99215 214.429  0
9.99215 214.625  0
9.99214 214.821  0
9.99213 215.017  0
9.99212 215.213  0
9.99212 215.409  0
9.99211 215.605  0
9.9921 215.801  0
9.99209 215.997  0
9.99209 216.193  0
9.99208 216.389  0
9.99207 216.585  0
9.99206 216.781  0
9.99206 216.977  0
9.99205 217.173  0
9.99204 217.369  0
9.99203 217.565  0
9.99203 217.761  0
9.99202 217.957  0
9.99201 218.153  0
9.992 218.349  0
9.992 218.545  0
9.99199 218.741  0
9.99198 218.937  0
9.99197 219.134  0
9.99197 219.33  0
9.99196 219.526  0
9.99195 219.722  0
9.99194 219.918  0
9.99194 220.114  0
9.99193 220.31  0
9.99192 220.506  0
9.99191 220.702  0
9.99191 220.898  0
9.9919 221.094  0
9.99189 221.29  0
9.99188 221.486  0
9.99188 221.682  0
9.99187 221.878  0
9.99186 222.074  0
9.99185 222.27  0
9.99185 222.466  0
9.99184 222.662  0
9.99183 222.858  0
9.99182 223.054  0
9.99182 223.25  0
9.99181 223.446  0
9.9918 223.642  0
9.99179 223.838  0
