0.1 0.997529
0.2 0.990133
0.3 0.977867
0.4 0.960823
0.5 0.939125
0.6 0.912936
0.7 0.882448
0.8 0.847885
0.9 0.809503
1 0.767582
1.1 0.72243
1.2 0.674375
1.3 0.623767
1.4 0.570972
1.5 0.51637
1.6 0.460352
1.7 0.403319
1.8 0.345672
1.9 0.287817
2 0.230158
2.1 0.173091
2.2 0.117007
2.3 0.0622842
2.4 0.00928542
2.5 -0.0416422
2.6 -0.0901718
2.7 -0.135999
2.8 -0.178844
2.9 -0.218454
3 -0.254604
3.1 -0.287099
3.2 -0.315778
3.3 -0.340509
3.4 -0.361195
3.5 -0.377773
3.6 -0.390213
3.7 -0.398519
3.8 -0.402729
3.9 -0.402914
4 -0.399176
4.1 -0.391648
4.2 -0.380492
4.3 -0.365897
4.4 -0.348078
4.5 -0.327274
4.6 -0.303745
4.7 -0.277769
4.8 -0.24964
4.9 -0.219665
5 -0.188163
5.1 -0.155459
5.2 -0.121885
5.3 -0.0877716
5.4 -0.0534507
5.5 -0.0192493
5.6 0.0145123
5.7 0.0475232
5.8 0.0794848
5.9 0.110113
6 0.139141
6.1 0.16632
6.2 0.191425
6.3 0.214249
6.4 0.234614
6.5 0.252366
6.6 0.267377
6.7 0.279547
6.8 0.288803
6.9 0.295102
7 0.298429
7.1 0.298797
7.2 0.296244
7.3 0.290839
7.4 0.282674
7.5 0.271868
7.6 0.25856
7.7 0.242914
7.8 0.225112
7.9 0.205356
8 0.18386
8.1 0.160855
8.2 0.136583
8.3 0.111294
8.4 0.0852448
8.5 0.0586959
8.6 0.0319097
8.7 0.00514738
8.8 -0.0213331
8.9 -0.0472798
9 -0.072449
9.1 -0.0966071
9.2 -0.119533
9.3 -0.141021
9.4 -0.160879
9.5 -0.178936
9.6 -0.195037
9.7 -0.209051
9.8 -0.220866
9.9 -0.230393
10 -0.237566
10.1 -0.242342
10.2 -0.244703
10.3 -0.244653
10.4 -0.242218
10.5 -0.23745
10.6 -0.230421
10.7 -0.221222
10.8 -0.209968
10.9 -0.196789
11 -0.181834
11.1 -0.165267
11.2 -0.147266
11.3 -0.12802
11.4 -0.107731
11.5 -0.0866042
11.6 -0.0648548
11.7 -0.0426997
11.8 -0.0203581
11.9 0.00195156
12 0.0240131
12.1 0.0456153
12.2 0.0665533
12.3 0.086631
12.4 0.105662
12.5 0.123474
12.6 0.139905
12.7 0.15481
12.8 0.168061
12.9 0.179545
13 0.18917
13.1 0.196861
13.2 0.202562
13.3 0.206239
13.4 0.207877
13.5 0.20748
13.6 0.205072
13.7 0.200698
13.8 0.194419
13.9 0.186315
14 0.176485
14.1 0.16504
14.2 0.152107
14.3 0.137828
14.4 0.122353
14.5 0.105846
14.6 0.0884766
14.7 0.0704219
14.8 0.0518641
14.9 0.032988
15 0.0139799
