0 1 0
0.1 0.955337 0.0985
0.2 0.825349 0.188201
0.3 0.621647 0.261093
0.4 0.362424 0.310664
0.5 0.0708332 0.332488
0.6 -0.227081 0.324615
0.7 -0.50471 0.287749
0.8 -0.737258 0.225184
0.9 -0.903956 0.142507
1 -0.989915 0.0471023
1.1 -0.987459 -0.052508
1.2 -0.896809 -0.147428
1.3 -0.72606 -0.229179
1.4 -0.490466 -0.29046
1.5 -0.211067 -0.325798
1.6 0.0871796 -0.332037
1.7 0.377637 -0.308621
1.8 0.634363 -0.25764
1.9 0.834428 -0.183648
2 0.959965 -0.0932546
2.1 0.99976 0.00546686
2.2 0.950262 0.103699
2.3 0.815892 0.192668
2.4 0.608652 0.264429
2.5 0.347052 0.312571
2.6 0.0544573 0.332795
2.7 -0.242998 0.323296
2.8 -0.518747 0.284921
2.9 -0.748161 0.221099
3 -0.910751 0.137531
3.1 -0.991996 0.0416793
3.2 -0.984639 -0.0578937
3.3 -0.88934 -0.152295
3.4 -0.71461 -0.233093
3.5 -0.476057 -0.293072
3.6 -0.194987 -0.326874
3.7 0.103495 -0.331481
3.8 0.392731 -0.306482
3.9 0.646887 -0.25411
4 0.843264 -0.179042
4.1 0.964323 -0.0879843
4.2 0.999252 0.0109311
4.3 0.944932 0.108869
4.4 0.806217 0.197083
4.5 0.595495 0.267693
4.6 0.331589 0.314393
4.7 0.0380701 0.333013
4.8 -0.258846 0.32189
4.9 -0.532641 0.282017
5 -0.75886 0.216956
5.1 -0.917299 0.132519
5.2 -0.993809 0.0362462
5.3 -0.981555 -0.0632628
5.4 -0.881634 -0.15712
5.5 -0.702971 -0.236944
5.6 -0.461523 -0.295604
5.7 -0.178857 -0.327862
5.8 0.11978 -0.330836
5.9 0.407717 -0.304262
6 0.659235 -0.250513
6.1 0.851871 -0.174389
6.2 0.968421 -0.0826914
6.3 0.998475 0.0163912
6.4 0.939349 0.114009
6.5 0.796327 0.201443
6.6 0.582182 0.270884
6.7 0.316041 0.316131
6.8 0.0216762 0.333142
6.9 -0.274622 0.320398
7 -0.546389 0.279038
