0 6.09525e-10
0.125 2.73028e-09
0.25 1.22293e-08
0.375 5.47725e-08
0.5 2.45285e-07
0.625 1.09822e-06
0.75 4.91516e-06
0.875 2.198e-05
1 9.81012e-05
1.125 0.000435613
1.25 0.0019058
1.375 0.0079642
1.5 0.0289504
1.625 0.0739253
1.75 0.106464
1.875 0.0929463
2 0.0629085
2.125 0.0389802
2.25 0.0238091
2.375 0.0147589
2.5 0.00938564
2.625 0.00614351
2.75 0.00414014
2.875 0.00286945
3 0.00204208
3.125 0.00148961
3.25 0.00111178
3.375 0.000847551
3.5 0.000658876
3.625 0.000521521
3.75 0.000419718
3.875 0.000342999
4 0.000284287
4.125 0.00023871
4.25 0.000202857
4.375 0.000174306
4.5 0.000151309
4.625 0.000132588
4.75 0.000117197
4.875 0.000104428
5 9.3742e-05
5.125 8.47282e-05
5.25 7.70678e-05
5.375 7.05122e-05
5.5 6.4865e-05
5.625 5.99706e-05
5.75 5.5704e-05
5.875 5.19646e-05
6 4.86705e-05
6.125 4.57546e-05
6.25 4.31617e-05
6.375 4.08463e-05
6.5 3.87701e-05
6.625 3.69013e-05
6.75 3.52131e-05
6.875 3.36827e-05
7 3.22907e-05
7.125 3.10208e-05
7.25 2.98587e-05
7.375 2.87922e-05
7.5 2.78109e-05
7.625 2.69056e-05
7.75 2.60684e-05
7.875 2.52923e-05
8 2.45713e-05
8.125 2.38999e-05
8.25 2.32736e-05
8.375 2.2688e-05
8.5 2.21396e-05
8.625 2.16251e-05
8.75 2.11414e-05
8.875 2.06861e-05
9 2.02568e-05
9.125 1.98514e-05
9.25 1.9468e-05
9.375 1.91048e-05
9.5 1.87605e-05
9.625 1.84335e-05
9.75 1.81226e-05
9.875 1.78267e-05
10 1.75447e-05
10.125 1.72757e-05
10.25 1.70188e-05
10.375 1.67733e-05
10.5 1.65383e-05
10.625 1.63133e-05
10.75 1.60976e-05
10.875 1.58906e-05
11 1.56919e-05
11.125 1.5501e-05
11.25 1.53173e-05
11.375 1.51406e-05
11.5 1.49703e-05
11.625 1.48063e-05
11.75 1.46481e-05
11.875 1.44954e-05
12 1.4348e-05
12.125 1.42055e-05
12.25 1.40678e-05
12.375 1.39347e-05
12.5 1.38057e-05
12.625 1.36809e-05
12.75 1.356e-05
12.875 1.34428e-05
13 1.33291e-05
13.125 1.32189e-05
13.25 1.31118e-05
13.375 1.30079e-05
13.5 1.29069e-05
13.625 1.28088e-05
13.75 1.27135e-05
13.875 1.26207e-05
14 1.25304e-05
14.125 1.24426e-05
14.25 1.23571e-05
14.375 1.22738e-05
14.5 1.21926e-05
14.625 1.21135e-05
14.75 1.20364e-05
14.875 1.19612e-05
15 1.18878e-05
15.125 1.18162e-05
15.25 1.17463e-05
15.375 1.16781e-05
15.5 1.16115e-05
15.625 1.15464e-05
15.75 1.14828e-05
15.875 1.14206e-05
16 1.13598e-05
16.125 1.13004e-05
16.25 1.12423e-05
16.375 1.11854e-05
16.5 1.11297e-05
16.625 1.10753e-05
16.75 1.10219e-05
16.875 1.09697e-05
17 1.09186e-05
17.125 1.08685e-05
17.25 1.08194e-05
17.375 1.07713e-05
17.5 1.07241e-05
17.625 1.06779e-05
17.75 1.06326e-05
17.875 1.05881e-05
18 1.05445e-05
18.125 1.05017e-05
18.25 1.04597e-05
18.375 1.04185e-05
18.5 1.0378e-05
18.625 1.03383e-05
18.75 1.02993e-05
18.875 1.0261e-05
19 1.02234e-05
19.125 1.01865e-05
19.25 1.01501e-05
19.375 1.01145e-05
19.5 1.00794e-05
19.625 1.00449e-05
19.75 1.0011e-05
19.875 9.97771e-06
20 9.94494e-06
20.125 9.91271e-06
20.25 9.88101e-06
20.375 9.84982e-06
20.5 9.81914e-06
20.625 9.78895e-06
20.75 9.75923e-06
20.875 9.72998e-06
21 9.70119e-06
21.125 9.67285e-06
21.25 9.64494e-06
21.375 9.61745e-06
21.5 9.59039e-06
21.625 9.56373e-06
21.75 9.53747e-06
21.875 9.5116e-06
22 9.4861e-06
22.125 9.46099e-06
22.25 9.43623e-06
22.375 9.41184e-06
22.5 9.38779e-06
22.625 9.36408e-06
22.75 9.34071e-06
22.875 9.31767e-06
23 9.29494e-06
23.125 9.27253e-06
23.25 9.25043e-06
23.375 9.22863e-06
23.5 9.20713e-06
23.625 9.18592e-06
23.75 9.16499e-06
23.875 9.14433e-06
24 9.12396e-06
24.125 9.10384e-06
24.25 9.08399e-06
24.375 9.0644e-06
24.5 9.04506e-06
24.625 9.02597e-06
24.75 9.00712e-06
24.875 8.98851e-06
25 8.97013e-06
25.125 8.95198e-06
25.25 8.93406e-06
25.375 8.91636e-06
25.5 8.89887e-06
25.625 8.8816e-06
25.75 8.86454e-06
25.875 8.84768e-06
26 8.83102e-06
26.125 8.81457e-06
26.25 8.7983e-06
26.375 8.78223e-06
26.5 8.76635e-06
26.625 8.75065e-06
26.75 8.73513e-06
26.875 8.7198e-06
27 8.70463e-06
27.125 8.68964e-06
27.25 8.67482e-06
27.375 8.66017e-06
27.5 8.64568e-06
27.625 8.63135e-06
27.75 8.61718e-06
27.875 8.60316e-06
28 8.5893e-06
28.125 8.57559e-06
28.25 8.56203e-06
28.375 8.54861e-06
28.5 8.53534e-06
28.625 8.52221e-06
28.75 8.50922e-06
28.875 8.49637e-06
29 8.48365e-06
29.125 8.47106e-06
29.25 8.4586e-06
29.375 8.44628e-06
29.5 8.43408e-06
29.625 8.422e-06
29.75 8.41005e-06
29.875 8.39822e-06
30 8.38651e-06
30.125 8.37491e-06
30.25 8.36343e-06
30.375 8.35207e-06
30.5 8.34081e-06
30.625 8.32967e-06
30.75 8.31864e-06
30.875 8.30771e-06
31 8.29689e-06
31.125 8.28618e-06
31.25 8.27557e-06
31.375 8.26506e-06
31.5 8.25465e-06
31.625 8.24433e-06
31.75 8.23412e-06
31.875 8.224e-06
32 8.21398e-06
32.125 8.20404e-06
32.25 8.19421e-06
32.375 8.18446e-06
32.5 8.1748e-06
32.625 8.16523e-06
32.75 8.15574e-06
32.875 8.14634e-06
33 8.13703e-06
33.125 8.1278e-06
33.25 8.11865e-06
33.375 8.10959e-06
33.5 8.1006e-06
33.625 8.09169e-06
33.75 8.08286e-06
33.875 8.07411e-06
34 8.06544e-06
34.125 8.05684e-06
34.25 8.04831e-06
34.375 8.03986e-06
34.5 8.03148e-06
34.625 8.02317e-06
34.75 8.01493e-06
34.875 8.00676e-06
35 7.99866e-06
35.125 7.99063e-06
35.25 7.98266e-06
35.375 7.97476e-06
35.5 7.96693e-06
35.625 7.95916e-06
35.75 7.95145e-06
35.875 7.94381e-06
36 7.93623e-06
36.125 7.92871e-06
36.25 7.92125e-06
36.375 7.91385e-06
36.5 7.90651e-06
36.625 7.89923e-06
36.75 7.89201e-06
36.875 7.88484e-06
37 7.87773e-06
37.125 7.87068e-06
37.25 7.86368e-06
37.375 7.85674e-06
37.5 7.84985e-06
37.625 7.84301e-06
37.75 7.83623e-06
37.875 7.8295e-06
38 7.82282e-06
38.125 7.81619e-06
38.25 7.80961e-06
38.375 7.80308e-06
38.5 7.7966e-06
38.625 7.79017e-06
38.75 7.78379e-06
38.875 7.77745e-06
39 7.77116e-06
39.125 7.76492e-06
39.25 7.75872e-06
39.375 7.75257e-06
39.5 7.74647e-06
39.625 7.74041e-06
39.75 7.73439e-06
39.875 7.72842e-06
40 7.72249e-06
40.125 7.7166e-06
40.25 7.71075e-06
40.375 7.70495e-06
40.5 7.69919e-06
40.625 7.69347e-06
40.75 7.68778e-06
40.875 7.68214e-06
41 7.67654e-06
41.125 7.67098e-06
41.25 7.66545e-06
41.375 7.65997e-06
41.5 7.65452e-06
41.625 7.64911e-06
41.75 7.64374e-06
41.875 7.6384e-06
42 7.6331e-06
42.125 7.62784e-06
42.25 7.62261e-06
42.375 7.61742e-06
42.5 7.61226e-06
42.625 7.60714e-06
42.75 7.60205e-06
42.875 7.59699e-06
43 7.59197e-06
43.125 7.58698e-06
43.25 7.58203e-06
43.375 7.57711e-06
43.5 7.57222e-06
43.625 7.56736e-06
43.75 7.56253e-06
43.875 7.55774e-06
44 7.55297e-06
44.125 7.54824e-06
44.25 7.54354e-06
44.375 7.53886e-06
44.5 7.53422e-06
44.625 7.52961e-06
44.75 7.52502e-06
44.875 7.52047e-06
45 7.51594e-06
45.125 7.51144e-06
45.25 7.50697e-06
45.375 7.50253e-06
45.5 7.49812e-06
45.625 7.49373e-06
45.75 7.48937e-06
45.875 7.48504e-06
46 7.48073e-06
46.125 7.47645e-06
46.25 7.4722e-06
46.375 7.46797e-06
46.5 7.46377e-06
46.625 7.45959e-06
46.75 7.45544e-06
46.875 7.45132e-06
47 7.44722e-06
47.125 7.44314e-06
47.25 7.43909e-06
47.375 7.43506e-06
47.5 7.43106e-06
47.625 7.42708e-06
47.75 7.42312e-06
47.875 7.41919e-06
48 7.41528e-06
48.125 7.41139e-06
48.25 7.40752e-06
48.375 7.40368e-06
48.5 7.39986e-06
48.625 7.39606e-06
48.75 7.39229e-06
48.875 7.38853e-06
49 7.3848e-06
49.125 7.38109e-06
49.25 7.3774e-06
49.375 7.37373e-06
49.5 7.37008e-06
49.625 7.36645e-06
49.75 7.36285e-06
49.875 7.35926e-06
50 7.35569e-06
50.125 7.35215e-06
50.25 7.34862e-06
50.375 7.34511e-06
50.5 7.34162e-06
50.625 7.33815e-06
50.75 7.3347e-06
50.875 7.33127e-06
51 7.32786e-06
51.125 7.32447e-06
51.25 7.32109e-06
51.375 7.31774e-06
51.5 7.3144e-06
51.625 7.31108e-06
51.75 7.30778e-06
51.875 7.30449e-06
52 7.30123e-06
52.125 7.29798e-06
52.25 7.29475e-06
52.375 7.29153e-06
52.5 7.28833e-06
52.625 7.28515e-06
52.75 7.28199e-06
52.875 7.27884e-06
53 7.27571e-06
53.125 7.2726e-06
53.25 7.2695e-06
53.375 7.26642e-06
53.5 7.26335e-06
53.625 7.2603e-06
53.75 7.25727e-06
53.875 7.25425e-06
54 7.25125e-06
54.125 7.24826e-06
54.25 7.24529e-06
54.375 7.24233e-06
54.5 7.23939e-06
54.625 7.23647e-06
54.75 7.23355e-06
54.875 7.23066e-06
55 7.22777e-06
55.125 7.22491e-06
55.25 7.22205e-06
55.375 7.21921e-06
55.5 7.21639e-06
55.625 7.21358e-06
55.75 7.21078e-06
55.875 7.208e-06
56 7.20523e-06
56.125 7.20247e-06
56.25 7.19973e-06
56.375 7.197e-06
56.5 7.19429e-06
56.625 7.19159e-06
56.75 7.1889e-06
56.875 7.18622e-06
57 7.18356e-06
57.125 7.18091e-06
57.25 7.17827e-06
57.375 7.17565e-06
57.5 7.17304e-06
57.625 7.17044e-06
57.75 7.16785e-06
57.875 7.16528e-06
58 7.16271e-06
58.125 7.16016e-06
58.25 7.15763e-06
58.375 7.1551e-06
58.5 7.15259e-06
58.625 7.15008e-06
58.75 7.14759e-06
58.875 7.14512e-06
59 7.14265e-06
59.125 7.14019e-06
59.25 7.13775e-06
59.375 7.13532e-06
59.5 7.13289e-06
59.625 7.13048e-06
59.75 7.12808e-06
59.875 7.1257e-06
60 7.12332e-06
60.125 7.12095e-06
60.25 7.1186e-06
60.375 7.11625e-06
60.5 7.11392e-06
60.625 7.11159e-06
60.75 7.10928e-06
60.875 7.10698e-06
61 7.10469e-06
61.125 7.1024e-06
61.25 7.10013e-06
61.375 7.09787e-06
61.5 7.09562e-06
61.625 7.09338e-06
61.75 7.09115e-06
61.875 7.08893e-06
62 7.08671e-06
62.125 7.08451e-06
62.25 7.08232e-06
62.375 7.08014e-06
62.5 7.07797e-06
62.625 7.0758e-06
62.75 7.07365e-06
62.875 7.0715e-06
63 7.06937e-06
63.125 7.06724e-06
63.25 7.06513e-06
63.375 7.06302e-06
63.5 7.06092e-06
63.625 7.05883e-06
63.75 7.05675e-06
63.875 7.05468e-06
64 7.05261e-06
64.125 7.05056e-06
64.25 7.04852e-06
64.375 7.04648e-06
64.5 7.04445e-06
64.625 7.04243e-06
64.75 7.04042e-06
64.875 7.03842e-06
65 7.03643e-06
65.125 7.03444e-06
65.25 7.03246e-06
65.375 7.03049e-06
65.5 7.02853e-06
65.625 7.02658e-06
65.75 7.02464e-06
65.875 7.0227e-06
66 7.02077e-06
66.125 7.01885e-06
66.25 7.01694e-06
66.375 7.01503e-06
66.5 7.01314e-06
66.625 7.01125e-06
66.75 7.00937e-06
66.875 7.00749e-06
67 7.00563e-06
67.125 7.00377e-06
67.25 7.00192e-06
67.375 7.00008e-06
67.5 6.99824e-06
67.625 6.99641e-06
67.75 6.99459e-06
67.875 6.99278e-06
68 6.99097e-06
68.125 6.98917e-06
68.25 6.98738e-06
68.375 6.98559e-06
68.5 6.98381e-06
68.625 6.98204e-06
68.75 6.98028e-06
68.875 6.97852e-06
69 6.97677e-06
69.125 6.97503e-06
69.25 6.97329e-06
69.375 6.97156e-06
69.5 6.96984e-06
69.625 6.96813e-06
69.75 6.96642e-06
69.875 6.96471e-06
70 6.96302e-06
70.125 6.96133e-06
70.25 6.95965e-06
70.375 6.95797e-06
70.5 6.9563e-06
70.625 6.95464e-06
70.75 6.95298e-06
70.875 6.95133e-06
71 6.94968e-06
71.125 6.94804e-06
71.25 6.94641e-06
71.375 6.94479e-06
71.5 6.94317e-06
71.625 6.94155e-06
71.75 6.93995e-06
71.875 6.93835e-06
72 6.93675e-06
72.125 6.93516e-06
72.25 6.93358e-06
72.375 6.932e-06
72.5 6.93043e-06
72.625 6.92886e-06
72.75 6.9273e-06
72.875 6.92575e-06
73 6.9242e-06
73.125 6.92266e-06
73.25 6.92112e-06
73.375 6.91959e-06
73.5 6.91807e-06
73.625 6.91655e-06
73.75 6.91503e-06
73.875 6.91352e-06
74 6.91202e-06
74.125 6.91052e-06
74.25 6.90903e-06
74.375 6.90754e-06
74.5 6.90606e-06
74.625 6.90459e-06
74.75 6.90312e-06
74.875 6.90165e-06
75 6.90019e-06
75.125 6.89873e-06
75.25 6.89729e-06
75.375 6.89584e-06
75.5 6.8944e-06
75.625 6.89297e-06
75.75 6.89154e-06
75.875 6.89011e-06
76 6.8887e-06
76.125 6.88728e-06
76.25 6.88587e-06
76.375 6.88447e-06
76.5 6.88307e-06
76.625 6.88168e-06
76.75 6.88029e-06
76.875 6.8789e-06
77 6.87752e-06
77.125 6.87615e-06
77.25 6.87478e-06
77.375 6.87342e-06
77.5 6.87206e-06
77.625 6.8707e-06
77.75 6.86935e-06
77.875 6.868e-06
78 6.86666e-06
78.125 6.86532e-06
78.25 6.86399e-06
78.375 6.86267e-06
78.5 6.86134e-06
78.625 6.86002e-06
78.75 6.85871e-06
78.875 6.8574e-06
79 6.8561e-06
79.125 6.85479e-06
79.25 6.8535e-06
79.375 6.85221e-06
79.5 6.85092e-06
79.625 6.84964e-06
79.75 6.84836e-06
79.875 6.84708e-06
80 6.84581e-06
80.125 6.84455e-06
80.25 6.84329e-06
80.375 6.84203e-06
80.5 6.84078e-06
80.625 6.83953e-06
80.75 6.83828e-06
80.875 6.83704e-06
81 6.83581e-06
81.125 6.83457e-06
81.25 6.83334e-06
81.375 6.83212e-06
81.5 6.8309e-06
81.625 6.82968e-06
81.75 6.82847e-06
81.875 6.82726e-06
82 6.82606e-06
82.125 6.82486e-06
82.25 6.82366e-06
82.375 6.82247e-06
82.5 6.82128e-06
82.625 6.8201e-06
82.75 6.81892e-06
82.875 6.81774e-06
83 6.81657e-06
83.125 6.8154e-06
83.25 6.81423e-06
83.375 6.81307e-06
83.5 6.81191e-06
83.625 6.81076e-06
83.75 6.80961e-06
83.875 6.80846e-06
84 6.80731e-06
84.125 6.80618e-06
84.25 6.80504e-06
84.375 6.80391e-06
84.5 6.80278e-06
84.625 6.80165e-06
84.75 6.80053e-06
84.875 6.79941e-06
85 6.7983e-06
85.125 6.79719e-06
85.25 6.79608e-06
85.375 6.79497e-06
85.5 6.79387e-06
85.625 6.79278e-06
85.75 6.79168e-06
85.875 6.79059e-06
86 6.7895e-06
86.125 6.78842e-06
86.25 6.78734e-06
86.375 6.78626e-06
86.5 6.78519e-06
86.625 6.78412e-06
86.75 6.78305e-06
86.875 6.78199e-06
87 6.78093e-06
87.125 6.77987e-06
87.25 6.77882e-06
87.375 6.77777e-06
87.5 6.77672e-06
87.625 6.77568e-06
87.75 6.77463e-06
87.875 6.7736e-06
88 6.77256e-06
88.125 6.77153e-06
88.25 6.7705e-06
88.375 6.76948e-06
88.5 6.76845e-06
88.625 6.76743e-06
88.75 6.76642e-06
88.875 6.76541e-06
89 6.7644e-06
89.125 6.76339e-06
89.25 6.76238e-06
89.375 6.76138e-06
89.5 6.76039e-06
89.625 6.75939e-06
89.75 6.7584e-06
89.875 6.75741e-06
90 6.75642e-06
90.125 6.75544e-06
90.25 6.75446e-06
90.375 6.75348e-06
90.5 6.75251e-06
90.625 6.75154e-06
90.75 6.75057e-06
90.875 6.7496e-06
91 6.74864e-06
91.125 6.74768e-06
91.25 6.74672e-06
91.375 6.74577e-06
91.5 6.74482e-06
91.625 6.74387e-06
91.75 6.74292e-06
91.875 6.74198e-06
92 6.74104e-06
92.125 6.7401e-06
92.25 6.73916e-06
92.375 6.73823e-06
92.5 6.7373e-06
92.625 6.73637e-06
92.75 6.73545e-06
92.875 6.73453e-06
93 6.73361e-06
93.125 6.73269e-06
93.25 6.73178e-06
93.375 6.73086e-06
93.5 6.72996e-06
93.625 6.72905e-06
93.75 6.72815e-06
93.875 6.72724e-06
94 6.72635e-06
94.125 6.72545e-06
94.25 6.72456e-06
94.375 6.72367e-06
94.5 6.72278e-06
94.625 6.72189e-06
94.75 6.72101e-06
94.875 6.72013e-06
95 6.71925e-06
95.125 6.71837e-06
95.25 6.7175e-06
95.375 6.71663e-06
95.5 6.71576e-06
95.625 6.71489e-06
95.75 6.71403e-06
95.875 6.71317e-06
96 6.71231e-06
96.125 6.71145e-06
96.25 6.7106e-06
96.375 6.70975e-06
96.5 6.7089e-06
96.625 6.70805e-06
96.75 6.7072e-06
96.875 6.70636e-06
97 6.70552e-06
97.125 6.70468e-06
97.25 6.70385e-06
97.375 6.70301e-06
97.5 6.70218e-06
97.625 6.70135e-06
97.75 6.70053e-06
97.875 6.6997e-06
98 6.69888e-06
98.125 6.69806e-06
98.25 6.69724e-06
98.375 6.69643e-06
98.5 6.69562e-06
98.625 6.6948e-06
98.75 6.694e-06
98.875 6.69319e-06
99 6.69238e-06
99.125 6.69158e-06
99.25 6.69078e-06
99.375 6.68998e-06
99.5 6.68919e-06
99.625 6.68839e-06
99.75 6.6876e-06
99.875 6.68681e-06
100 6.68603e-06
100.125 6.68524e-06
100.25 6.68446e-06
100.375 6.68368e-06
100.5 6.6829e-06
100.625 6.68212e-06
100.75 6.68134e-06
100.875 6.68057e-06
101 6.6798e-06
101.125 6.67903e-06
101.25 6.67827e-06
101.375 6.6775e-06
101.5 6.67674e-06
101.625 6.67598e-06
101.75 6.67522e-06
101.875 6.67446e-06
102 6.67371e-06
102.125 6.67295e-06
102.25 6.6722e-06
102.375 6.67145e-06
102.5 6.67071e-06
102.625 6.66996e-06
102.75 6.66922e-06
102.875 6.66848e-06
103 6.66774e-06
103.125 6.667e-06
103.25 6.66626e-06
103.375 6.66553e-06
103.5 6.6648e-06
103.625 6.66407e-06
103.75 6.66334e-06
103.875 6.66261e-06
104 6.66189e-06
104.125 6.66117e-06
104.25 6.66045e-06
104.375 6.65973e-06
104.5 6.65901e-06
104.625 6.6583e-06
104.75 6.65758e-06
104.875 6.65687e-06
105 6.65616e-06
105.125 6.65545e-06
105.25 6.65475e-06
105.375 6.65404e-06
105.5 6.65334e-06
105.625 6.65264e-06
105.75 6.65194e-06
105.875 6.65124e-06
106 6.65055e-06
106.125 6.64985e-06
106.25 6.64916e-06
106.375 6.64847e-06
106.5 6.64778e-06
106.625 6.64709e-06
106.75 6.64641e-06
106.875 6.64573e-06
107 6.64504e-06
107.125 6.64436e-06
107.25 6.64368e-06
107.375 6.64301e-06
107.5 6.64233e-06
107.625 6.64166e-06
107.75 6.64099e-06
107.875 6.64032e-06
108 6.63965e-06
108.125 6.63898e-06
108.25 6.63832e-06
108.375 6.63765e-06
108.5 6.63699e-06
108.625 6.63633e-06
108.75 6.63567e-06
108.875 6.63501e-06
109 6.63436e-06
109.125 6.63371e-06
109.25 6.63305e-06
109.375 6.6324e-06
109.5 6.63175e-06
109.625 6.63111e-06
109.75 6.63046e-06
109.875 6.62981e-06
110 6.62917e-06
110.125 6.62853e-06
110.25 6.62789e-06
110.375 6.62725e-06
110.5 6.62662e-06
110.625 6.62598e-06
110.75 6.62535e-06
110.875 6.62471e-06
111 6.62408e-06
111.125 6.62345e-06
111.25 6.62283e-06
111.375 6.6222e-06
111.5 6.62158e-06
111.625 6.62095e-06
111.75 6.62033e-06
111.875 6.61971e-06
112 6.61909e-06
112.125 6.61847e-06
112.25 6.61786e-06
112.375 6.61724e-06
112.5 6.61663e-06
112.625 6.61602e-06
112.75 6.61541e-06
112.875 6.6148e-06
113 6.61419e-06
113.125 6.61359e-06
113.25 6.61298e-06
113.375 6.61238e-06
113.5 6.61178e-06
113.625 6.61118e-06
113.75 6.61058e-06
113.875 6.60998e-06
114 6.60938e-06
114.125 6.60879e-06
114.25 6.6082e-06
114.375 6.6076e-06
114.5 6.60701e-06
114.625 6.60642e-06
114.75 6.60584e-06
114.875 6.60525e-06
115 6.60467e-06
115.125 6.60408e-06
115.25 6.6035e-06
115.375 6.60292e-06
115.5 6.60234e-06
115.625 6.60176e-06
115.75 6.60118e-06
115.875 6.60061e-06
116 6.60003e-06
116.125 6.59946e-06
116.25 6.59889e-06
116.375 6.59832e-06
116.5 6.59775e-06
116.625 6.59718e-06
116.75 6.59661e-06
116.875 6.59605e-06
117 6.59548e-06
117.125 6.59492e-06
117.25 6.59436e-06
117.375 6.5938e-06
117.5 6.59324e-06
117.625 6.59268e-06
117.75 6.59212e-06
117.875 6.59157e-06
118 6.59102e-06
118.125 6.59046e-06
118.25 6.58991e-06
118.375 6.58936e-06
118.5 6.58881e-06
118.625 6.58826e-06
118.75 6.58772e-06
118.875 6.58717e-06
119 6.58663e-06
119.125 6.58608e-06
119.25 6.58554e-06
119.375 6.585e-06
119.5 6.58446e-06
119.625 6.58392e-06
119.75 6.58339e-06
119.875 6.58285e-06
120 6.58232e-06
120.125 6.58178e-06
120.25 6.58125e-06
120.375 6.58072e-06
120.5 6.58019e-06
120.625 6.57966e-06
120.75 6.57913e-06
120.875 6.57861e-06
121 6.57808e-06
121.125 6.57756e-06
121.25 6.57703e-06
121.375 6.57651e-06
121.5 6.57599e-06
121.625 6.57547e-06
121.75 6.57495e-06
121.875 6.57444e-06
122 6.57392e-06
122.125 6.5734e-06
122.25 6.57289e-06
122.375 6.57238e-06
122.5 6.57187e-06
122.625 6.57135e-06
122.75 6.57084e-06
122.875 6.57034e-06
123 6.56983e-06
123.125 6.56932e-06
123.25 6.56882e-06
123.375 6.56831e-06
123.5 6.56781e-06
123.625 6.56731e-06
123.75 6.56681e-06
123.875 6.56631e-06
124 6.56581e-06
124.125 6.56531e-06
124.25 6.56481e-06
124.375 6.56432e-06
124.5 6.56382e-06
124.625 6.56333e-06
124.75 6.56284e-06
124.875 6.56235e-06
125 6.56186e-06
125.125 6.56137e-06
125.25 6.56088e-06
125.375 6.56039e-06
125.5 6.5599e-06
125.625 6.55942e-06
125.75 6.55893e-06
125.875 6.55845e-06
126 6.55797e-06
126.125 6.55749e-06
126.25 6.55701e-06
126.375 6.55653e-06
126.5 6.55605e-06
126.625 6.55557e-06
126.75 6.5551e-06
126.875 6.55462e-06
127 6.55415e-06
127.125 6.55367e-06
127.25 6.5532e-06
127.375 6.55273e-06
127.5 6.55226e-06
127.625 6.55179e-06
127.75 6.55132e-06
127.875 6.55085e-06
128 6.55039e-06
128.125 6.54992e-06
128.25 6.54946e-06
128.375 6.54899e-06
128.5 6.54853e-06
128.625 6.54807e-06
128.75 6.54761e-06
128.875 6.54715e-06
129 6.54669e-06
129.125 6.54623e-06
129.25 6.54578e-06
129.375 6.54532e-06
129.5 6.54486e-06
129.625 6.54441e-06
129.75 6.54396e-06
129.875 6.5435e-06
130 6.54305e-06
130.125 6.5426e-06
130.25 6.54215e-06
130.375 6.5417e-06
130.5 6.54126e-06
130.625 6.54081e-06
130.75 6.54036e-06
130.875 6.53992e-06
131 6.53948e-06
131.125 6.53903e-06
131.25 6.53859e-06
131.375 6.53815e-06
131.5 6.53771e-06
131.625 6.53727e-06
131.75 6.53683e-06
131.875 6.53639e-06
132 6.53595e-06
132.125 6.53552e-06
132.25 6.53508e-06
132.375 6.53465e-06
132.5 6.53421e-06
132.625 6.53378e-06
132.75 6.53335e-06
132.875 6.53292e-06
133 6.53249e-06
133.125 6.53206e-06
133.25 6.53163e-06
133.375 6.5312e-06
133.5 6.53078e-06
133.625 6.53035e-06
133.75 6.52993e-06
133.875 6.5295e-06
134 6.52908e-06
134.125 6.52866e-06
134.25 6.52823e-06
134.375 6.52781e-06
134.5 6.52739e-06
134.625 6.52697e-06
134.75 6.52655e-06
134.875 6.52614e-06
135 6.52572e-06
135.125 6.5253e-06
135.25 6.52489e-06
135.375 6.52447e-06
135.5 6.52406e-06
135.625 6.52365e-06
135.75 6.52324e-06
135.875 6.52283e-06
136 6.52241e-06
136.125 6.52201e-06
136.25 6.5216e-06
136.375 6.52119e-06
136.5 6.52078e-06
136.625 6.52037e-06
136.75 6.51997e-06
136.875 6.51956e-06
137 6.51916e-06
137.125 6.51876e-06
137.25 6.51835e-06
137.375 6.51795e-06
137.5 6.51755e-06
137.625 6.51715e-06
137.75 6.51675e-06
137.875 6.51635e-06
138 6.51596e-06
138.125 6.51556e-06
138.25 6.51516e-06
138.375 6.51477e-06
138.5 6.51437e-06
138.625 6.51398e-06
138.75 6.51358e-06
138.875 6.51319e-06
139 6.5128e-06
139.125 6.51241e-06
139.25 6.51202e-06
139.375 6.51163e-06
139.5 6.51124e-06
139.625 6.51085e-06
139.75 6.51046e-06
139.875 6.51008e-06
140 6.50969e-06
140.125 6.50931e-06
140.25 6.50892e-06
140.375 6.50854e-06
140.5 6.50815e-06
140.625 6.50777e-06
140.75 6.50739e-06
140.875 6.50701e-06
141 6.50663e-06
141.125 6.50625e-06
141.25 6.50587e-06
141.375 6.50549e-06
141.5 6.50512e-06
141.625 6.50474e-06
141.75 6.50436e-06
141.875 6.50399e-06
142 6.50361e-06
142.125 6.50324e-06
142.25 6.50287e-06
142.375 6.50249e-06
142.5 6.50212e-06
142.625 6.50175e-06
142.75 6.50138e-06
142.875 6.50101e-06
143 6.50064e-06
143.125 6.50027e-06
143.25 6.4999e-06
143.375 6.49954e-06
143.5 6.49917e-06
143.625 6.49881e-06
143.75 6.49844e-06
143.875 6.49808e-06
144 6.49771e-06
144.125 6.49735e-06
144.25 6.49699e-06
144.375 6.49663e-06
144.5 6.49626e-06
144.625 6.4959e-06
144.75 6.49554e-06
144.875 6.49519e-06
145 6.49483e-06
145.125 6.49447e-06
145.25 6.49411e-06
145.375 6.49376e-06
145.5 6.4934e-06
145.625 6.49304e-06
145.75 6.49269e-06
145.875 6.49234e-06
146 6.49198e-06
146.125 6.49163e-06
146.25 6.49128e-06
146.375 6.49093e-06
146.5 6.49058e-06
146.625 6.49023e-06
146.75 6.48988e-06
146.875 6.48953e-06
147 6.48918e-06
147.125 6.48883e-06
147.25 6.48848e-06
147.375 6.48814e-06
147.5 6.48779e-06
147.625 6.48745e-06
147.75 6.4871e-06
147.875 6.48676e-06
148 6.48642e-06
148.125 6.48607e-06
148.25 6.48573e-06
148.375 6.48539e-06
148.5 6.48505e-06
148.625 6.48471e-06
148.75 6.48437e-06
148.875 6.48403e-06
149 6.48369e-06
149.125 6.48335e-06
149.25 6.48302e-06
149.375 6.48268e-06
149.5 6.48234e-06
149.625 6.48201e-06
149.75 6.48167e-06
149.875 6.48134e-06
150 6.48101e-06
150.125 6.48067e-06
150.25 6.48034e-06
150.375 6.48001e-06
150.5 6.47968e-06
150.625 6.47935e-06
150.75 6.47902e-06
150.875 6.47869e-06
151 6.47836e-06
151.125 6.47803e-06
151.25 6.4777e-06
151.375 6.47737e-06
151.5 6.47705e-06
151.625 6.47672e-06
151.75 6.4764e-06
151.875 6.47607e-06
152 6.47575e-06
152.125 6.47542e-06
152.25 6.4751e-06
152.375 6.47478e-06
152.5 6.47445e-06
152.625 6.47413e-06
152.75 6.47381e-06
152.875 6.47349e-06
153 6.47317e-06
153.125 6.47285e-06
153.25 6.47253e-06
153.375 6.47221e-06
153.5 6.4719e-06
153.625 6.47158e-06
153.75 6.47126e-06
153.875 6.47095e-06
154 6.47063e-06
154.125 6.47032e-06
154.25 6.47e-06
154.375 6.46969e-06
154.5 6.46937e-06
154.625 6.46906e-06
154.75 6.46875e-06
154.875 6.46844e-06
155 6.46812e-06
155.125 6.46781e-06
155.25 6.4675e-06
155.375 6.46719e-06
155.5 6.46688e-06
155.625 6.46658e-06
155.75 6.46627e-06
155.875 6.46596e-06
156 6.46565e-06
156.125 6.46535e-06
156.25 6.46504e-06
156.375 6.46473e-06
156.5 6.46443e-06
156.625 6.46412e-06
156.75 6.46382e-06
156.875 6.46352e-06
157 6.46321e-06
157.125 6.46291e-06
157.25 6.46261e-06
157.375 6.46231e-06
157.5 6.46201e-06
157.625 6.46171e-06
157.75 6.46141e-06
157.875 6.46111e-06
158 6.46081e-06
158.125 6.46051e-06
158.25 6.46021e-06
158.375 6.45991e-06
158.5 6.45962e-06
158.625 6.45932e-06
158.75 6.45902e-06
158.875 6.45873e-06
159 6.45843e-06
159.125 6.45814e-06
159.25 6.45785e-06
159.375 6.45755e-06
159.5 6.45726e-06
159.625 6.45697e-06
159.75 6.45667e-06
159.875 6.45638e-06
160 6.45609e-06
160.125 6.4558e-06
160.25 6.45551e-06
160.375 6.45522e-06
160.5 6.45493e-06
160.625 6.45464e-06
160.75 6.45435e-06
160.875 6.45407e-06
161 6.45378e-06
161.125 6.45349e-06
161.25 6.45321e-06
161.375 6.45292e-06
161.5 6.45263e-06
161.625 6.45235e-06
161.75 6.45206e-06
161.875 6.45178e-06
162 6.4515e-06
162.125 6.45121e-06
162.25 6.45093e-06
162.375 6.45065e-06
162.5 6.45037e-06
162.625 6.45009e-06
162.75 6.44981e-06
162.875 6.44952e-06
163 6.44924e-06
163.125 6.44897e-06
163.25 6.44869e-06
163.375 6.44841e-06
163.5 6.44813e-06
163.625 6.44785e-06
163.75 6.44757e-06
163.875 6.4473e-06
164 6.44702e-06
164.125 6.44675e-06
164.25 6.44647e-06
164.375 6.44619e-06
164.5 6.44592e-06
164.625 6.44565e-06
164.75 6.44537e-06
164.875 6.4451e-06
165 6.44483e-06
165.125 6.44455e-06
165.25 6.44428e-06
165.375 6.44401e-06
165.5 6.44374e-06
165.625 6.44347e-06
165.75 6.4432e-06
165.875 6.44293e-06
166 6.44266e-06
166.125 6.44239e-06
166.25 6.44212e-06
166.375 6.44185e-06
166.5 6.44159e-06
166.625 6.44132e-06
166.75 6.44105e-06
166.875 6.44079e-06
167 6.44052e-06
167.125 6.44025e-06
167.25 6.43999e-06
167.375 6.43972e-06
167.5 6.43946e-06
167.625 6.4392e-06
167.75 6.43893e-06
167.875 6.43867e-06
168 6.43841e-06
168.125 6.43814e-06
168.25 6.43788e-06
168.375 6.43762e-06
168.5 6.43736e-06
168.625 6.4371e-06
168.75 6.43684e-06
168.875 6.43658e-06
169 6.43632e-06
169.125 6.43606e-06
169.25 6.4358e-06
169.375 6.43555e-06
169.5 6.43529e-06
169.625 6.43503e-06
169.75 6.43477e-06
169.875 6.43452e-06
170 6.43426e-06
170.125 6.434e-06
170.25 6.43375e-06
170.375 6.43349e-06
170.5 6.43324e-06
170.625 6.43299e-06
170.75 6.43273e-06
170.875 6.43248e-06
171 6.43223e-06
171.125 6.43197e-06
171.25 6.43172e-06
171.375 6.43147e-06
171.5 6.43122e-06
171.625 6.43097e-06
171.75 6.43072e-06
171.875 6.43047e-06
172 6.43022e-06
172.125 6.42997e-06
172.25 6.42972e-06
172.375 6.42947e-06
172.5 6.42922e-06
172.625 6.42897e-06
172.75 6.42872e-06
172.875 6.42848e-06
173 6.42823e-06
173.125 6.42798e-06
173.25 6.42774e-06
173.375 6.42749e-06
173.5 6.42725e-06
173.625 6.427e-06
173.75 6.42676e-06
173.875 6.42651e-06
174 6.42627e-06
174.125 6.42603e-06
174.25 6.42578e-06
174.375 6.42554e-06
174.5 6.4253e-06
174.625 6.42506e-06
174.75 6.42481e-06
174.875 6.42457e-06
175 6.42433e-06
175.125 6.42409e-06
175.25 6.42385e-06
175.375 6.42361e-06
175.5 6.42337e-06
175.625 6.42313e-06
175.75 6.42289e-06
175.875 6.42265e-06
176 6.42242e-06
176.125 6.42218e-06
176.25 6.42194e-06
176.375 6.4217e-06
176.5 6.42147e-06
176.625 6.42123e-06
176.75 6.421e-06
176.875 6.42076e-06
177 6.42053e-06
177.125 6.42029e-06
177.25 6.42006e-06
177.375 6.41982e-06
177.5 6.41959e-06
177.625 6.41935e-06
177.75 6.41912e-06
177.875 6.41889e-06
178 6.41866e-06
178.125 6.41842e-06
178.25 6.41819e-06
178.375 6.41796e-06
178.5 6.41773e-06
178.625 6.4175e-06
178.75 6.41727e-06
178.875 6.41704e-06
179 6.41681e-06
179.125 6.41658e-06
179.25 6.41635e-06
179.375 6.41612e-06
179.5 6.41589e-06
179.625 6.41567e-06
179.75 6.41544e-06
179.875 6.41521e-06
180 6.41498e-06
180.125 6.41476e-06
180.25 6.41453e-06
180.375 6.4143e-06
180.5 6.41408e-06
180.625 6.41385e-06
180.75 6.41363e-06
180.875 6.4134e-06
181 6.41318e-06
181.125 6.41296e-06
181.25 6.41273e-06
181.375 6.41251e-06
181.5 6.41229e-06
181.625 6.41206e-06
181.75 6.41184e-06
181.875 6.41162e-06
182 6.4114e-06
182.125 6.41118e-06
182.25 6.41095e-06
182.375 6.41073e-06
182.5 6.41051e-06
182.625 6.41029e-06
182.75 6.41007e-06
182.875 6.40985e-06
183 6.40963e-06
183.125 6.40942e-06
183.25 6.4092e-06
183.375 6.40898e-06
183.5 6.40876e-06
183.625 6.40854e-06
183.75 6.40833e-06
183.875 6.40811e-06
184 6.40789e-06
184.125 6.40768e-06
184.25 6.40746e-06
184.375 6.40724e-06
184.5 6.40703e-06
184.625 6.40681e-06
184.75 6.4066e-06
184.875 6.40638e-06
185 6.40617e-06
185.125 6.40596e-06
185.25 6.40574e-06
185.375 6.40553e-06
185.5 6.40532e-06
185.625 6.4051e-06
185.75 6.40489e-06
185.875 6.40468e-06
186 6.40447e-06
186.125 6.40426e-06
186.25 6.40404e-06
186.375 6.40383e-06
186.5 6.40362e-06
186.625 6.40341e-06
186.75 6.4032e-06
186.875 6.40299e-06
187 6.40278e-06
187.125 6.40258e-06
187.25 6.40237e-06
187.375 6.40216e-06
187.5 6.40195e-06
187.625 6.40174e-06
187.75 6.40153e-06
187.875 6.40133e-06
188 6.40112e-06
188.125 6.40091e-06
188.25 6.40071e-06
188.375 6.4005e-06
188.5 6.40029e-06
188.625 6.40009e-06
188.75 6.39988e-06
188.875 6.39968e-06
189 6.39947e-06
189.125 6.39927e-06
189.25 6.39907e-06
189.375 6.39886e-06
189.5 6.39866e-06
189.625 6.39846e-06
189.75 6.39825e-06
189.875 6.39805e-06
190 6.39785e-06
190.125 6.39764e-06
190.25 6.39744e-06
190.375 6.39724e-06
190.5 6.39704e-06
190.625 6.39684e-06
190.75 6.39664e-06
190.875 6.39644e-06
191 6.39624e-06
191.125 6.39604e-06
191.25 6.39584e-06
191.375 6.39564e-06
191.5 6.39544e-06
191.625 6.39524e-06
191.75 6.39504e-06
191.875 6.39484e-06
192 6.39465e-06
192.125 6.39445e-06
192.25 6.39425e-06
192.375 6.39405e-06
192.5 6.39386e-06
192.625 6.39366e-06
192.75 6.39346e-06
192.875 6.39327e-06
193 6.39307e-06
193.125 6.39288e-06
193.25 6.39268e-06
193.375 6.39249e-06
193.5 6.39229e-06
193.625 6.3921e-06
193.75 6.3919e-06
193.875 6.39171e-06
194 6.39152e-06
194.125 6.39132e-06
194.25 6.39113e-06
194.375 6.39094e-06
194.5 6.39074e-06
194.625 6.39055e-06
194.75 6.39036e-06
194.875 6.39017e-06
195 6.38998e-06
195.125 6.38979e-06
195.25 6.38959e-06
195.375 6.3894e-06
195.5 6.38921e-06
195.625 6.38902e-06
195.75 6.38883e-06
195.875 6.38864e-06
196 6.38845e-06
196.125 6.38826e-06
196.25 6.38808e-06
196.375 6.38789e-06
196.5 6.3877e-06
196.625 6.38751e-06
196.75 6.38732e-06
196.875 6.38713e-06
197 6.38695e-06
197.125 6.38676e-06
197.25 6.38657e-06
197.375 6.38639e-06
197.5 6.3862e-06
197.625 6.38601e-06
197.75 6.38583e-06
197.875 6.38564e-06
198 6.38546e-06
198.125 6.38527e-06
198.25 6.38509e-06
198.375 6.3849e-06
198.5 6.38472e-06
198.625 6.38453e-06
198.75 6.38435e-06
198.875 6.38417e-06
199 6.38398e-06
199.125 6.3838e-06
199.25 6.38362e-06
199.375 6.38343e-06
199.5 6.38325e-06
199.625 6.38307e-06
199.75 6.38289e-06
199.875 6.38271e-06
200 6.38252e-06
200.125 6.38234e-06
200.25 6.38216e-06
200.375 6.38198e-06
200.5 6.3818e-06
200.625 6.38162e-06
200.75 6.38144e-06
200.875 6.38126e-06
201 6.38108e-06
201.125 6.3809e-06
201.25 6.38072e-06
201.375 6.38054e-06
201.5 6.38037e-06
201.625 6.38019e-06
201.75 6.38001e-06
201.875 6.37983e-06
202 6.37965e-06
202.125 6.37948e-06
202.25 6.3793e-06
202.375 6.37912e-06
202.5 6.37894e-06
202.625 6.37877e-06
202.75 6.37859e-06
202.875 6.37842e-06
203 6.37824e-06
203.125 6.37806e-06
203.25 6.37789e-06
203.375 6.37771e-06
203.5 6.37754e-06
203.625 6.37736e-06
203.75 6.37719e-06
203.875 6.37702e-06
204 6.37684e-06
204.125 6.37667e-06
204.25 6.37649e-06
204.375 6.37632e-06
204.5 6.37615e-06
204.625 6.37597e-06
204.75 6.3758e-06
204.875 6.37563e-06
205 6.37546e-06
205.125 6.37529e-06
205.25 6.37511e-06
205.375 6.37494e-06
205.5 6.37477e-06
205.625 6.3746e-06
205.75 6.37443e-06
205.875 6.37426e-06
206 6.37409e-06
206.125 6.37392e-06
206.25 6.37375e-06
206.375 6.37358e-06
206.5 6.37341e-06
206.625 6.37324e-06
206.75 6.37307e-06
206.875 6.3729e-06
207 6.37273e-06
207.125 6.37256e-06
207.25 6.3724e-06
207.375 6.37223e-06
207.5 6.37206e-06
207.625 6.37189e-06
207.75 6.37172e-06
207.875 6.37156e-06
208 6.37139e-06
208.125 6.37122e-06
208.25 6.37106e-06
208.375 6.37089e-06
208.5 6.37072e-06
208.625 6.37056e-06
208.75 6.37039e-06
208.875 6.37023e-06
209 6.37006e-06
209.125 6.3699e-06
209.25 6.36973e-06
209.375 6.36957e-06
209.5 6.3694e-06
209.625 6.36924e-06
209.75 6.36907e-06
209.875 6.36891e-06
210 6.36875e-06
210.125 6.36858e-06
210.25 6.36842e-06
210.375 6.36826e-06
210.5 6.36809e-06
210.625 6.36793e-06
210.75 6.36777e-06
210.875 6.36761e-06
211 6.36744e-06
211.125 6.36728e-06
211.25 6.36712e-06
211.375 6.36696e-06
211.5 6.3668e-06
211.625 6.36664e-06
211.75 6.36648e-06
211.875 6.36632e-06
212 6.36616e-06
212.125 6.366e-06
212.25 6.36584e-06
212.375 6.36568e-06
212.5 6.36552e-06
212.625 6.36536e-06
212.75 6.3652e-06
212.875 6.36504e-06
213 6.36488e-06
213.125 6.36472e-06
213.25 6.36456e-06
213.375 6.3644e-06
213.5 6.36425e-06
213.625 6.36409e-06
213.75 6.36393e-06
213.875 6.36377e-06
214 6.36362e-06
214.125 6.36346e-06
214.25 6.3633e-06
214.375 6.36315e-06
214.5 6.36299e-06
214.625 6.36283e-06
214.75 6.36268e-06
214.875 6.36252e-06
215 6.36237e-06
215.125 6.36221e-06
215.25 6.36205e-06
215.375 6.3619e-06
215.5 6.36174e-06
215.625 6.36159e-06
215.75 6.36144e-06
215.875 6.36128e-06
216 6.36113e-06
216.125 6.36097e-06
216.25 6.36082e-06
216.375 6.36067e-06
216.5 6.36051e-06
216.625 6.36036e-06
216.75 6.36021e-06
216.875 6.36005e-06
217 6.3599e-06
217.125 6.35975e-06
217.25 6.3596e-06
217.375 6.35944e-06
217.5 6.35929e-06
217.625 6.35914e-06
217.75 6.35899e-06
217.875 6.35884e-06
218 6.35869e-06
218.125 6.35853e-06
218.25 6.35838e-06
218.375 6.35823e-06
218.5 6.35808e-06
218.625 6.35793e-06
218.75 6.35778e-06
218.875 6.35763e-06
219 6.35748e-06
219.125 6.35733e-06
219.25 6.35718e-06
219.375 6.35703e-06
219.5 6.35689e-06
219.625 6.35674e-06
219.75 6.35659e-06
219.875 6.35644e-06
220 6.35629e-06
220.125 6.35614e-06
220.25 6.356e-06
220.375 6.35585e-06
220.5 6.3557e-06
220.625 6.35555e-06
220.75 6.35541e-06
220.875 6.35526e-06
221 6.35511e-06
221.125 6.35497e-06
221.25 6.35482e-06
221.375 6.35467e-06
221.5 6.35453e-06
221.625 6.35438e-06
221.75 6.35423e-06
221.875 6.35409e-06
222 6.35394e-06
222.125 6.3538e-06
222.25 6.35365e-06
222.375 6.35351e-06
222.5 6.35336e-06
222.625 6.35322e-06
222.75 6.35307e-06
222.875 6.35293e-06
223 6.35279e-06
223.125 6.35264e-06
223.25 6.3525e-06
223.375 6.35236e-06
223.5 6.35221e-06
223.625 6.35207e-06
223.75 6.35193e-06
223.875 6.35178e-06
224 6.35164e-06
224.125 6.3515e-06
224.25 6.35136e-06
224.375 6.35121e-06
224.5 6.35107e-06
224.625 6.35093e-06
224.75 6.35079e-06
224.875 6.35065e-06
225 6.35051e-06
225.125 6.35037e-06
225.25 6.35022e-06
225.375 6.35008e-06
225.5 6.34994e-06
225.625 6.3498e-06
225.75 6.34966e-06
225.875 6.34952e-06
226 6.34938e-06
226.125 6.34924e-06
226.25 6.3491e-06
226.375 6.34896e-06
226.5 6.34882e-06
226.625 6.34869e-06
226.75 6.34855e-06
226.875 6.34841e-06
227 6.34827e-06
227.125 6.34813e-06
227.25 6.34799e-06
227.375 6.34785e-06
227.5 6.34772e-06
227.625 6.34758e-06
227.75 6.34744e-06
227.875 6.3473e-06
228 6.34717e-06
228.125 6.34703e-06
228.25 6.34689e-06
228.375 6.34676e-06
228.5 6.34662e-06
228.625 6.34648e-06
228.75 6.34635e-06
228.875 6.34621e-06
229 6.34607e-06
229.125 6.34594e-06
229.25 6.3458e-06
229.375 6.34567e-06
229.5 6.34553e-06
229.625 6.3454e-06
229.75 6.34526e-06
229.875 6.34513e-06
230 6.34499e-06
230.125 6.34486e-06
230.25 6.34472e-06
230.375 6.34459e-06
230.5 6.34446e-06
230.625 6.34432e-06
230.75 6.34419e-06
230.875 6.34406e-06
231 6.34392e-06
231.125 6.34379e-06
231.25 6.34366e-06
231.375 6.34352e-06
231.5 6.34339e-06
231.625 6.34326e-06
231.75 6.34313e-06
231.875 6.34299e-06
232 6.34286e-06
232.125 6.34273e-06
232.25 6.3426e-06
232.375 6.34247e-06
232.5 6.34233e-06
232.625 6.3422e-06
232.75 6.34207e-06
232.875 6.34194e-06
233 6.34181e-06
233.125 6.34168e-06
233.25 6.34155e-06
233.375 6.34142e-06
233.5 6.34129e-06
233.625 6.34116e-06
233.75 6.34103e-06
233.875 6.3409e-06
234 6.34077e-06
234.125 6.34064e-06
234.25 6.34051e-06
234.375 6.34038e-06
234.5 6.34025e-06
234.625 6.34012e-06
234.75 6.33999e-06
234.875 6.33987e-06
235 6.33974e-06
235.125 6.33961e-06
235.25 6.33948e-06
235.375 6.33935e-06
235.5 6.33923e-06
235.625 6.3391e-06
235.75 6.33897e-06
235.875 6.33884e-06
236 6.33872e-06
236.125 6.33859e-06
236.25 6.33846e-06
236.375 6.33834e-06
236.5 6.33821e-06
236.625 6.33808e-06
236.75 6.33796e-06
236.875 6.33783e-06
237 6.3377e-06
237.125 6.33758e-06
237.25 6.33745e-06
237.375 6.33733e-06
237.5 6.3372e-06
237.625 6.33708e-06
237.75 6.33695e-06
237.875 6.33683e-06
238 6.3367e-06
238.125 6.33658e-06
238.25 6.33645e-06
238.375 6.33633e-06
238.5 6.3362e-06
238.625 6.33608e-06
238.75 6.33596e-06
238.875 6.33583e-06
239 6.33571e-06
239.125 6.33558e-06
239.25 6.33546e-06
239.375 6.33534e-06
239.5 6.33521e-06
239.625 6.33509e-06
239.75 6.33497e-06
239.875 6.33485e-06
240 6.33472e-06
240.125 6.3346e-06
240.25 6.33448e-06
240.375 6.33436e-06
240.5 6.33423e-06
240.625 6.33411e-06
240.75 6.33399e-06
240.875 6.33387e-06
241 6.33375e-06
241.125 6.33363e-06
241.25 6.33351e-06
241.375 6.33338e-06
241.5 6.33326e-06
241.625 6.33314e-06
241.75 6.33302e-06
241.875 6.3329e-06
242 6.33278e-06
242.125 6.33266e-06
242.25 6.33254e-06
242.375 6.33242e-06
242.5 6.3323e-06
242.625 6.33218e-06
242.75 6.33206e-06
242.875 6.33194e-06
243 6.33182e-06
243.125 6.33171e-06
243.25 6.33159e-06
243.375 6.33147e-06
243.5 6.33135e-06
243.625 6.33123e-06
243.75 6.33111e-06
243.875 6.33099e-06
244 6.33088e-06
244.125 6.33076e-06
244.25 6.33064e-06
244.375 6.33052e-06
244.5 6.3304e-06
244.625 6.33029e-06
244.75 6.33017e-06
244.875 6.33005e-06
245 6.32993e-06
245.125 6.32982e-06
245.25 6.3297e-06
245.375 6.32958e-06
245.5 6.32947e-06
245.625 6.32935e-06
245.75 6.32923e-06
245.875 6.32912e-06
246 6.329e-06
246.125 6.32889e-06
246.25 6.32877e-06
246.375 6.32865e-06
246.5 6.32854e-06
246.625 6.32842e-06
246.75 6.32831e-06
246.875 6.32819e-06
247 6.32808e-06
247.125 6.32796e-06
247.25 6.32785e-06
247.375 6.32773e-06
247.5 6.32762e-06
247.625 6.3275e-06
247.75 6.32739e-06
247.875 6.32728e-06
248 6.32716e-06
248.125 6.32705e-06
248.25 6.32693e-06
248.375 6.32682e-06
248.5 6.32671e-06
248.625 6.32659e-06
248.75 6.32648e-06
248.875 6.32637e-06
249 6.32625e-06
249.125 6.32614e-06
249.25 6.32603e-06
249.375 6.32592e-06
249.5 6.3258e-06
249.625 6.32569e-06
249.75 6.32558e-06
249.875 6.32547e-06
