0.01	0.999967
0.02	0.999903
0.03	0.999787
0.04	0.99962
0.05	0.999402
0.06	0.999133
0.07	0.998815
0.08	0.998446
0.09	0.998027
0.1	0.997558
0.11	0.997039
0.12	0.996471
0.13	0.995852
0.14	0.995184
0.15	0.994466
0.16	0.993698
0.17	0.992881
0.18	0.992014
0.19	0.991098
0.2	0.990133
0.21	0.989118
0.22	0.988054
0.23	0.986941
0.24	0.985778
0.25	0.984567
0.26	0.983307
0.27	0.981999
0.28	0.980641
0.29	0.979235
0.3	0.977781
0.31	0.976278
0.32	0.974727
0.33	0.973127
0.34	0.97148
0.35	0.969785
0.36	0.968042
0.37	0.966252
0.38	0.964414
0.39	0.962529
0.4	0.960596
0.41	0.958617
0.42	0.956591
0.43	0.954517
0.44	0.952398
0.45	0.950231
0.46	0.948019
0.47	0.94576
0.48	0.943456
0.49	0.941105
0.5	0.93871
0.51	0.936268
0.52	0.933782
0.53	0.93125
0.54	0.928674
0.55	0.926052
0.56	0.923387
0.57	0.920677
0.58	0.917923
0.59	0.915125
0.6	0.912284
0.61	0.909399
0.62	0.906471
0.63	0.9035
0.64	0.900486
0.65	0.897429
0.66	0.89433
0.67	0.89119
0.68	0.888007
0.69	0.884782
0.7	0.881517
0.71	0.87821
0.72	0.874862
0.73	0.871473
0.74	0.868044
0.75	0.864575
0.76	0.861066
0.77	0.857518
0.78	0.85393
0.79	0.850303
0.8	0.846637
0.81	0.842933
0.82	0.83919
0.83	0.83541
0.84	0.831591
0.85	0.827735
0.86	0.823842
0.87	0.819913
0.88	0.815946
0.89	0.811944
0.9	0.807905
0.91	0.803831
0.92	0.799721
0.93	0.795576
0.94	0.791397
0.95	0.787183
0.96	0.782935
0.97	0.778653
0.98	0.774337
0.99	0.769989
1	0.765607
1.01	0.761193
1.02	0.756747
1.03	0.752269
1.04	0.747759
1.05	0.743218
1.06	0.738646
1.07	0.734044
1.08	0.729411
1.09	0.724749
1.1	0.720057
1.11	0.715336
1.12	0.710586
1.13	0.705807
1.14	0.701001
1.15	0.696166
1.16	0.691304
1.17	0.686415
1.18	0.6815
1.19	0.676558
1.2	0.67159
1.21	0.666596
1.22	0.661577
1.23	0.656534
1.24	0.651465
1.25	0.646373
1.26	0.641257
1.27	0.636117
1.28	0.630955
1.29	0.625769
1.3	0.620562
1.31	0.615332
1.32	0.610081
1.33	0.604809
1.34	0.599517
1.35	0.594204
1.36	0.58887
1.37	0.583518
1.38	0.578146
1.39	0.572755
1.4	0.567346
1.41	0.561919
1.42	0.556474
1.43	0.551012
1.44	0.545534
1.45	0.540039
1.46	0.534527
1.47	0.529001
1.48	0.523459
1.49	0.517902
1.5	0.51233
1.51	0.506745
1.52	0.501146
1.53	0.495534
1.54	0.489909
1.55	0.484272
1.56	0.478622
1.57	0.472961
1.58	0.467289
1.59	0.461606
1.6	0.455913
1.61	0.45021
1.62	0.444497
1.63	0.438775
1.64	0.433044
1.65	0.427305
1.66	0.421558
1.67	0.415804
1.68	0.410043
1.69	0.404274
1.7	0.3985
1.71	0.39272
1.72	0.386934
1.73	0.381143
1.74	0.375348
1.75	0.369549
1.76	0.363745
1.77	0.357939
1.78	0.352129
1.79	0.346317
1.8	0.340502
1.81	0.334686
1.82	0.328869
1.83	0.323051
1.84	0.317232
1.85	0.311413
1.86	0.305594
1.87	0.299777
1.88	0.29396
1.89	0.288145
1.9	0.282332
1.91	0.276521
1.92	0.270713
1.93	0.264908
1.94	0.259107
1.95	0.25331
1.96	0.247517
1.97	0.241729
1.98	0.235946
1.99	0.230169
2	0.224398
2.01	0.218633
2.02	0.212875
2.03	0.207124
2.04	0.201381
2.05	0.195646
2.06	0.189919
2.07	0.184201
2.08	0.178492
2.09	0.172793
2.1	0.167104
2.11	0.161425
2.12	0.155757
2.13	0.1501
2.14	0.144455
2.15	0.138821
2.16	0.1332
2.17	0.127592
2.18	0.121996
2.19	0.116414
2.2	0.110846
2.21	0.105292
2.22	0.0997528
2.23	0.0942284
2.24	0.0887193
2.25	0.083226
2.26	0.0777486
2.27	0.0722877
2.28	0.0668436
2.29	0.0614167
2.3	0.0560073
2.31	0.0506158
2.32	0.0452425
2.33	0.0398879
2.34	0.0345522
2.35	0.0292358
2.36	0.0239391
2.37	0.0186624
2.38	0.013406
2.39	0.0081704
2.4	0.00295582
2.41	-0.00223736
2.42	-0.00740881
2.43	-0.0125582
2.44	-0.0176852
2.45	-0.0227894
2.46	-0.0278705
2.47	-0.0329283
2.48	-0.0379623
2.49	-0.0429723
2.5	-0.0479579
2.51	-0.0529188
2.52	-0.0578547
2.53	-0.0627652
2.54	-0.0676502
2.55	-0.0725091
2.56	-0.0773418
2.57	-0.082148
2.58	-0.0869272
2.59	-0.0916793
2.6	-0.096404
2.61	-0.101101
2.62	-0.10577
2.63	-0.11041
2.64	-0.115022
2.65	-0.119605
2.66	-0.124159
2.67	-0.128683
2.68	-0.133177
2.69	-0.137642
2.7	-0.142076
2.71	-0.146479
2.72	-0.150852
2.73	-0.155193
2.74	-0.159504
2.75	-0.163782
2.76	-0.168029
2.77	-0.172244
2.78	-0.176426
2.79	-0.180575
2.8	-0.184692
2.81	-0.188775
2.82	-0.192826
2.83	-0.196842
2.84	-0.200825
2.85	-0.204774
2.86	-0.208688
2.87	-0.212568
2.88	-0.216413
2.89	-0.220224
2.9	-0.223999
2.91	-0.227739
2.92	-0.231443
2.93	-0.235111
2.94	-0.238744
2.95	-0.24234
2.96	-0.2459
2.97	-0.249423
2.98	-0.25291
2.99	-0.25636
3	-0.259772
3.01	-0.263148
3.02	-0.266485
3.03	-0.269786
3.04	-0.273048
3.05	-0.276272
3.06	-0.279459
3.07	-0.282607
3.08	-0.285716
3.09	-0.288787
3.1	-0.291819
3.11	-0.294812
3.12	-0.297766
3.13	-0.300681
3.14	-0.303557
3.15	-0.306393
3.16	-0.30919
3.17	-0.311947
3.18	-0.314664
3.19	-0.317341
3.2	-0.319978
3.21	-0.322575
3.22	-0.325132
3.23	-0.327648
3.24	-0.330124
3.25	-0.332559
3.26	-0.334953
3.27	-0.337307
3.28	-0.33962
3.29	-0.341892
3.3	-0.344123
3.31	-0.346312
3.32	-0.348461
3.33	-0.350568
3.34	-0.352634
3.35	-0.354659
3.36	-0.356642
3.37	-0.358583
3.38	-0.360483
3.39	-0.362342
3.4	-0.364159
3.41	-0.365934
3.42	-0.367667
3.43	-0.369359
3.44	-0.371008
3.45	-0.372616
3.46	-0.374182
3.47	-0.375707
3.48	-0.377189
3.49	-0.378629
3.5	-0.380028
3.51	-0.381384
3.52	-0.382699
3.53	-0.383971
3.54	-0.385202
3.55	-0.386391
3.56	-0.387537
3.57	-0.388642
3.58	-0.389705
3.59	-0.390726
3.6	-0.391706
3.61	-0.392643
3.62	-0.393539
3.63	-0.394392
3.64	-0.395205
3.65	-0.395975
3.66	-0.396704
3.67	-0.397391
3.68	-0.398036
3.69	-0.39864
3.7	-0.399203
3.71	-0.399724
3.72	-0.400204
3.73	-0.400643
3.74	-0.40104
3.75	-0.401397
3.76	-0.401712
3.77	-0.401987
3.78	-0.40222
3.79	-0.402413
3.8	-0.402565
3.81	-0.402676
3.82	-0.402747
3.83	-0.402778
3.84	-0.402768
3.85	-0.402718
3.86	-0.402628
3.87	-0.402498
3.88	-0.402328
3.89	-0.402118
3.9	-0.401869
3.91	-0.40158
3.92	-0.401252
3.93	-0.400885
3.94	-0.400478
3.95	-0.400033
3.96	-0.399548
3.97	-0.399026
3.98	-0.398464
3.99	-0.397864
4	-0.397226
4.01	-0.39655
4.02	-0.395836
4.03	-0.395084
4.04	-0.394294
4.05	-0.393467
4.06	-0.392603
4.07	-0.391702
4.08	-0.390764
4.09	-0.389789
4.1	-0.388778
4.11	-0.38773
4.12	-0.386646
4.13	-0.385526
4.14	-0.38437
4.15	-0.383179
4.16	-0.381952
4.17	-0.38069
4.18	-0.379393
4.19	-0.378061
4.2	-0.376695
4.21	-0.375294
4.22	-0.373859
4.23	-0.37239
4.24	-0.370888
4.25	-0.369352
4.26	-0.367782
4.27	-0.36618
4.28	-0.364545
4.29	-0.362877
4.3	-0.361177
4.31	-0.359445
4.32	-0.35768
4.33	-0.355885
4.34	-0.354057
4.35	-0.352199
4.36	-0.35031
4.37	-0.34839
4.38	-0.346439
4.39	-0.344459
4.4	-0.342448
4.41	-0.340408
4.42	-0.338339
4.43	-0.33624
4.44	-0.334113
4.45	-0.331957
4.46	-0.329772
4.47	-0.32756
4.48	-0.32532
4.49	-0.323052
4.5	-0.320757
4.51	-0.318435
4.52	-0.316087
4.53	-0.313712
4.54	-0.311311
4.55	-0.308884
4.56	-0.306432
4.57	-0.303954
4.58	-0.301452
4.59	-0.298925
4.6	-0.296373
4.61	-0.293798
4.62	-0.291198
4.63	-0.288576
4.64	-0.28593
4.65	-0.283261
4.66	-0.280569
4.67	-0.277856
4.68	-0.27512
4.69	-0.272363
4.7	-0.269584
4.71	-0.266785
4.72	-0.263965
4.73	-0.261124
4.74	-0.258263
4.75	-0.255383
4.76	-0.252482
4.77	-0.249563
4.78	-0.246625
4.79	-0.243669
4.8	-0.240694
4.81	-0.237702
4.82	-0.234692
4.83	-0.231665
4.84	-0.228621
4.85	-0.22556
4.86	-0.222483
4.87	-0.21939
4.88	-0.216282
4.89	-0.213158
4.9	-0.21002
4.91	-0.206867
4.92	-0.203699
4.93	-0.200518
4.94	-0.197323
4.95	-0.194115
4.96	-0.190894
4.97	-0.187661
4.98	-0.184415
4.99	-0.181157
5	-0.177888
5.01	-0.174607
5.02	-0.171316
5.03	-0.168014
5.04	-0.164701
5.05	-0.161379
5.06	-0.158048
5.07	-0.154707
5.08	-0.151357
5.09	-0.147999
5.1	-0.144632
5.11	-0.141258
5.12	-0.137876
5.13	-0.134487
5.14	-0.131091
5.15	-0.127689
5.16	-0.12428
5.17	-0.120866
5.18	-0.117446
5.19	-0.114021
5.2	-0.110592
5.21	-0.107157
5.22	-0.103719
5.23	-0.100277
5.24	-0.0968315
5.25	-0.0933828
5.26	-0.0899314
5.27	-0.0864776
5.28	-0.0830217
5.29	-0.079564
5.3	-0.0761049
5.31	-0.0726447
5.32	-0.0691838
5.33	-0.0657225
5.34	-0.0622611
5.35	-0.0587999
5.36	-0.0553394
5.37	-0.0518797
5.38	-0.0484214
5.39	-0.0449646
5.4	-0.0415097
5.41	-0.038057
5.42	-0.034607
5.43	-0.0311598
5.44	-0.0277159
5.45	-0.0242755
5.46	-0.020839
5.47	-0.0174067
5.48	-0.013979
5.49	-0.0105561
5.5	-0.00713838
5.51	-0.00372615
5.52	-0.000319742
5.53	0.00308053
5.54	0.00647436
5.55	0.00986141
5.56	0.0132414
5.57	0.016614
5.58	0.0199788
5.59	0.0233357
5.6	0.0266842
5.61	0.030024
5.62	0.033355
5.63	0.0366766
5.64	0.0399887
5.65	0.043291
5.66	0.046583
5.67	0.0498647
5.68	0.0531355
5.69	0.0563953
5.7	0.0596437
5.71	0.0628805
5.72	0.0661053
5.73	0.0693179
5.74	0.0725179
5.75	0.0757052
5.76	0.0788793
5.77	0.0820401
5.78	0.0851871
5.79	0.0883203
5.8	0.0914391
5.81	0.0945435
5.82	0.0976331
5.83	0.100708
5.84	0.103767
5.85	0.10681
5.86	0.109838
5.87	0.11285
5.88	0.115845
5.89	0.118824
5.9	0.121785
5.91	0.12473
5.92	0.127657
5.93	0.130566
5.94	0.133457
5.95	0.13633
5.96	0.139185
5.97	0.142021
5.98	0.144838
5.99	0.147636
6	0.150414
6.01	0.153173
6.02	0.155912
6.03	0.158631
6.04	0.161329
6.05	0.164007
6.06	0.166664
6.07	0.1693
6.08	0.171915
6.09	0.174508
6.1	0.17708
6.11	0.179629
6.12	0.182157
6.13	0.184662
6.14	0.187145
6.15	0.189605
6.16	0.192042
6.17	0.194456
6.18	0.196846
6.19	0.199213
6.2	0.201557
6.21	0.203876
6.22	0.206171
6.23	0.208442
6.24	0.210689
6.25	0.21291
6.26	0.215108
6.27	0.21728
6.28	0.219426
6.29	0.221548
6.3	0.223644
6.31	0.225714
6.32	0.227759
6.33	0.229777
6.34	0.23177
6.35	0.233736
6.36	0.235675
6.37	0.237588
6.38	0.239474
6.39	0.241334
6.4	0.243166
6.41	0.244971
6.42	0.246749
6.43	0.2485
6.44	0.250223
6.45	0.251918
6.46	0.253586
6.47	0.255225
6.48	0.256837
6.49	0.25842
6.5	0.259975
6.51	0.261502
6.52	0.263
6.53	0.26447
6.54	0.265911
6.55	0.267323
6.56	0.268706
6.57	0.270061
6.58	0.271386
6.59	0.272682
6.6	0.273949
6.61	0.275187
6.62	0.276395
6.63	0.277574
6.64	0.278724
6.65	0.279844
6.66	0.280934
6.67	0.281994
6.68	0.283025
6.69	0.284026
6.7	0.284997
6.71	0.285938
6.72	0.286849
6.73	0.28773
6.74	0.288581
6.75	0.289402
6.76	0.290193
6.77	0.290953
6.78	0.291684
6.79	0.292384
6.8	0.293054
6.81	0.293694
6.82	0.294303
6.83	0.294882
6.84	0.295431
6.85	0.29595
6.86	0.296438
6.87	0.296895
6.88	0.297323
6.89	0.29772
6.9	0.298087
6.91	0.298423
6.92	0.29873
6.93	0.299005
6.94	0.299251
6.95	0.299466
6.96	0.299652
6.97	0.299806
6.98	0.299931
6.99	0.300026
7	0.30009
7.01	0.300125
7.02	0.300129
7.03	0.300103
7.04	0.300048
7.05	0.299962
7.06	0.299847
7.07	0.299702
7.08	0.299527
7.09	0.299322
7.1	0.299088
7.11	0.298824
7.12	0.298531
7.13	0.298208
7.14	0.297856
7.15	0.297475
7.16	0.297065
7.17	0.296625
7.18	0.296156
7.19	0.295659
7.2	0.295132
7.21	0.294577
7.22	0.293993
7.23	0.293381
7.24	0.29274
7.25	0.292071
7.26	0.291373
7.27	0.290647
7.28	0.289894
7.29	0.289112
7.3	0.288303
7.31	0.287465
7.32	0.286601
7.33	0.285708
7.34	0.284789
7.35	0.283842
7.36	0.282868
7.37	0.281867
7.38	0.28084
7.39	0.279785
7.4	0.278705
7.41	0.277597
7.42	0.276464
7.43	0.275304
7.44	0.274119
7.45	0.272908
7.46	0.271671
7.47	0.270408
7.48	0.26912
7.49	0.267808
7.5	0.26647
7.51	0.265107
7.52	0.263719
7.53	0.262307
7.54	0.260871
7.55	0.25941
7.56	0.257926
7.57	0.256418
7.58	0.254886
7.59	0.25333
7.6	0.251752
7.61	0.25015
7.62	0.248525
7.63	0.246878
7.64	0.245208
7.65	0.243516
7.66	0.241802
7.67	0.240065
7.68	0.238307
7.69	0.236528
7.7	0.234727
7.71	0.232905
7.72	0.231062
7.73	0.229199
7.74	0.227315
7.75	0.22541
7.76	0.223486
7.77	0.221542
7.78	0.219578
7.79	0.217595
7.8	0.215592
7.81	0.213571
7.82	0.21153
7.83	0.209472
7.84	0.207395
7.85	0.205299
7.86	0.203186
7.87	0.201056
7.88	0.198908
7.89	0.196743
7.9	0.19456
7.91	0.192362
7.92	0.190146
7.93	0.187915
7.94	0.185668
7.95	0.183405
7.96	0.181126
7.97	0.178832
7.98	0.176523
7.99	0.1742
8	0.171862
8.01	0.169509
8.02	0.167143
8.03	0.164763
8.04	0.162369
8.05	0.159962
8.06	0.157542
8.07	0.15511
8.08	0.152665
8.09	0.150208
8.1	0.147738
8.11	0.145257
8.12	0.142765
8.13	0.140261
8.14	0.137746
8.15	0.135221
8.16	0.132685
8.17	0.13014
8.18	0.127584
8.19	0.125018
8.2	0.122444
8.21	0.11986
8.22	0.117267
8.23	0.114666
8.24	0.112056
8.25	0.109439
8.26	0.106814
8.27	0.104181
8.28	0.101541
8.29	0.0988936
8.3	0.0962399
8.31	0.0935798
8.32	0.0909135
8.33	0.0882413
8.34	0.0855635
8.35	0.0828804
8.36	0.0801922
8.37	0.0774992
8.38	0.0748016
8.39	0.0720998
8.4	0.0693941
8.41	0.0666846
8.42	0.0639716
8.43	0.0612555
8.44	0.0585365
8.45	0.0558149
8.46	0.0530909
8.47	0.0503648
8.48	0.0476369
8.49	0.0449074
8.5	0.0421767
8.51	0.039445
8.52	0.0367125
8.53	0.0339796
8.54	0.0312464
8.55	0.0285134
8.56	0.0257807
8.57	0.0230486
8.58	0.0203174
8.59	0.0175874
8.6	0.0148587
8.61	0.0121318
8.62	0.00940679
8.63	0.00668402
8.64	0.00396374
8.65	0.0012462
8.66	-0.00146832
8.67	-0.00417956
8.68	-0.00688726
8.69	-0.00959115
8.7	-0.012291
8.71	-0.0149865
8.72	-0.0176774
8.73	-0.0203634
8.74	-0.0230444
8.75	-0.0257199
8.76	-0.0283899
8.77	-0.0310539
8.78	-0.0337119
8.79	-0.0363634
8.8	-0.0390083
8.81	-0.0416462
8.82	-0.044277
8.83	-0.0469005
8.84	-0.0495162
8.85	-0.0521241
8.86	-0.0547238
8.87	-0.057315
8.88	-0.0598977
8.89	-0.0624714
8.9	-0.0650361
8.91	-0.0675913
8.92	-0.0701369
8.93	-0.0726726
8.94	-0.0751983
8.95	-0.0777136
8.96	-0.0802183
8.97	-0.0827123
8.98	-0.0851951
8.99	-0.0876667
9	-0.0901268
9.01	-0.0925752
9.02	-0.0950115
9.03	-0.0974357
9.04	-0.0998475
9.05	-0.102247
9.06	-0.104633
9.07	-0.107006
9.08	-0.109366
9.09	-0.111712
9.1	-0.114045
9.11	-0.116363
9.12	-0.118668
9.13	-0.120958
9.14	-0.123233
9.15	-0.125494
9.16	-0.12774
9.17	-0.12997
9.18	-0.132185
9.19	-0.134384
9.2	-0.136568
9.21	-0.138735
9.22	-0.140887
9.23	-0.143022
9.24	-0.14514
9.25	-0.147242
9.26	-0.149326
9.27	-0.151393
9.28	-0.153443
9.29	-0.155476
9.3	-0.15749
9.31	-0.159487
9.32	-0.161466
9.33	-0.163426
9.34	-0.165368
9.35	-0.167292
9.36	-0.169197
9.37	-0.171082
9.38	-0.172949
9.39	-0.174796
9.4	-0.176624
9.41	-0.178432
9.42	-0.180221
9.43	-0.181989
9.44	-0.183738
9.45	-0.185466
9.46	-0.187174
9.47	-0.188862
9.48	-0.190529
9.49	-0.192175
9.5	-0.1938
9.51	-0.195404
9.52	-0.196986
9.53	-0.198548
9.54	-0.200088
9.55	-0.201606
9.56	-0.203103
9.57	-0.204577
9.58	-0.20603
9.59	-0.207461
9.6	-0.208869
9.61	-0.210255
9.62	-0.211619
9.63	-0.21296
9.64	-0.214278
9.65	-0.215574
9.66	-0.216846
9.67	-0.218096
9.68	-0.219323
9.69	-0.220526
9.7	-0.221706
9.71	-0.222863
9.72	-0.223996
9.73	-0.225106
9.74	-0.226192
9.75	-0.227254
9.76	-0.228293
9.77	-0.229308
9.78	-0.230298
9.79	-0.231265
9.8	-0.232208
9.81	-0.233126
9.82	-0.23402
9.83	-0.23489
9.84	-0.235736
9.85	-0.236557
9.86	-0.237354
9.87	-0.238126
9.88	-0.238873
9.89	-0.239596
9.9	-0.240294
9.91	-0.240968
9.92	-0.241617
9.93	-0.242241
9.94	-0.24284
9.95	-0.243414
9.96	-0.243963
9.97	-0.244487
9.98	-0.244987
9.99	-0.245461
10	-0.245911
10.01	-0.246335
