0.1	0.997501
0.11	0.996977
0.12	0.996403
0.13	0.995779
0.14	0.995105
0.15	0.994382
0.16	0.993609
0.17	0.992787
0.18	0.991915
0.19	0.990994
0.2	0.990023
0.21	0.989003
0.22	0.987934
0.23	0.986816
0.24	0.985649
0.25	0.984433
0.26	0.983168
0.27	0.981854
0.28	0.980492
0.29	0.979081
0.3	0.977622
0.31	0.976114
0.32	0.974558
0.33	0.972954
0.34	0.971303
0.35	0.969603
0.36	0.967855
0.37	0.96606
0.38	0.964218
0.39	0.962328
0.4	0.960391
0.41	0.958406
0.42	0.956375
0.43	0.954298
0.44	0.952173
0.45	0.950002
0.46	0.947785
0.47	0.945522
0.48	0.943213
0.49	0.940858
0.5	0.938458
0.51	0.936012
0.52	0.933521
0.53	0.930985
0.54	0.928404
0.55	0.925778
0.56	0.923108
0.57	0.920394
0.58	0.917636
0.59	0.914834
0.6	0.911988
0.61	0.909099
0.62	0.906166
0.63	0.903191
0.64	0.900173
0.65	0.897112
0.66	0.894009
0.67	0.890864
0.68	0.887677
0.69	0.884448
0.7	0.881178
0.71	0.877867
0.72	0.874515
0.73	0.871122
0.74	0.867689
0.75	0.864216
0.76	0.860703
0.77	0.857151
0.78	0.853559
0.79	0.849928
0.8	0.846258
0.81	0.84255
0.82	0.838803
0.83	0.835018
0.84	0.831196
0.85	0.827336
0.86	0.82344
0.87	0.819506
0.88	0.815536
0.89	0.811529
0.9	0.807487
0.91	0.803409
0.92	0.799296
0.93	0.795147
0.94	0.790964
0.95	0.786747
0.96	0.782495
0.97	0.778209
0.98	0.77389
0.99	0.769538
1	0.765153
1.01	0.760736
1.02	0.756286
1.03	0.751804
1.04	0.747291
1.05	0.742747
1.06	0.738172
1.07	0.733566
1.08	0.72893
1.09	0.724265
1.1	0.719569
1.11	0.714845
1.12	0.710092
1.13	0.70531
1.14	0.7005
1.15	0.695663
1.16	0.690798
1.17	0.685906
1.18	0.680987
1.19	0.676042
1.2	0.671072
1.21	0.666075
1.22	0.661053
1.23	0.656007
1.24	0.650936
1.25	0.645841
1.26	0.640722
1.27	0.635579
1.28	0.630414
1.29	0.625226
1.3	0.620016
1.31	0.614784
1.32	0.609531
1.33	0.604256
1.34	0.598961
1.35	0.593645
1.36	0.58831
1.37	0.582955
1.38	0.57758
1.39	0.572187
1.4	0.566776
1.41	0.561347
1.42	0.5559
1.43	0.550436
1.44	0.544955
1.45	0.539458
1.46	0.533945
1.47	0.528416
1.48	0.522872
1.49	0.517313
1.5	0.51174
1.51	0.506153
1.52	0.500552
1.53	0.494938
1.54	0.489311
1.55	0.483672
1.56	0.478021
1.57	0.472358
1.58	0.466685
1.59	0.461
1.6	0.455305
1.61	0.449601
1.62	0.443886
1.63	0.438163
1.64	0.432431
1.65	0.426691
1.66	0.420942
1.67	0.415187
1.68	0.409424
1.69	0.403655
1.7	0.397879
1.71	0.392098
1.72	0.386311
1.73	0.380519
1.74	0.374723
1.75	0.368923
1.76	0.363118
1.77	0.357311
1.78	0.3515
1.79	0.345687
1.8	0.339872
1.81	0.334056
1.82	0.328238
1.83	0.322419
1.84	0.316599
1.85	0.31078
1.86	0.304961
1.87	0.299143
1.88	0.293325
1.89	0.28751
1.9	0.281696
1.91	0.275885
1.92	0.270077
1.93	0.264272
1.94	0.258471
1.95	0.252673
1.96	0.24688
1.97	0.241092
1.98	0.235309
1.99	0.229532
2	0.223761
2.01	0.217996
2.02	0.212239
2.03	0.206488
2.04	0.200745
2.05	0.19501
2.06	0.189284
2.07	0.183566
2.08	0.177858
2.09	0.172159
2.1	0.16647
2.11	0.160792
2.12	0.155125
2.13	0.149468
2.14	0.143824
2.15	0.138191
2.16	0.13257
2.17	0.126963
2.18	0.121368
2.19	0.115787
2.2	0.11022
2.21	0.104667
2.22	0.0991282
2.23	0.0936047
2.24	0.0880967
2.25	0.0826044
2.26	0.0771282
2.27	0.0716684
2.28	0.0662255
2.29	0.0607999
2.3	0.0553917
2.31	0.0500015
2.32	0.0446296
2.33	0.0392764
2.34	0.0339421
2.35	0.0286272
2.36	0.023332
2.37	0.0180568
2.38	0.0128021
2.39	0.00756807
2.4	0.00235515
2.41	-0.00283633
2.42	-0.00800603
2.43	-0.0131536
2.44	-0.0182788
2.45	-0.0233812
2.46	-0.0284604
2.47	-0.0335162
2.48	-0.0385483
2.49	-0.0435563
2.5	-0.0485398
2.51	-0.0534986
2.52	-0.0584324
2.53	-0.0633408
2.54	-0.0682236
2.55	-0.0730803
2.56	-0.0779107
2.57	-0.0827146
2.58	-0.0874915
2.59	-0.0922413
2.6	-0.0969635
2.61	-0.101658
2.62	-0.106324
2.63	-0.110962
2.64	-0.115571
2.65	-0.120152
2.66	-0.124703
2.67	-0.129224
2.68	-0.133716
2.69	-0.138178
2.7	-0.142609
2.71	-0.14701
2.72	-0.15138
2.73	-0.155719
2.74	-0.160026
2.75	-0.164302
2.76	-0.168545
2.77	-0.172757
2.78	-0.176936
2.79	-0.181083
2.8	-0.185196
2.81	-0.189277
2.82	-0.193324
2.83	-0.197337
2.84	-0.201317
2.85	-0.205262
2.86	-0.209173
2.87	-0.21305
2.88	-0.216892
2.89	-0.220699
2.9	-0.224471
2.91	-0.228207
2.92	-0.231908
2.93	-0.235573
2.94	-0.239202
2.95	-0.242795
2.96	-0.246351
2.97	-0.249871
2.98	-0.253354
2.99	-0.2568
3	-0.260209
3.01	-0.263581
3.02	-0.266915
3.03	-0.270211
3.04	-0.27347
3.05	-0.276691
3.06	-0.279873
3.07	-0.283017
3.08	-0.286123
3.09	-0.28919
3.1	-0.292218
3.11	-0.295208
3.12	-0.298158
3.13	-0.301069
3.14	-0.303941
3.15	-0.306773
3.16	-0.309565
3.17	-0.312318
3.18	-0.315031
3.19	-0.317704
3.2	-0.320337
3.21	-0.32293
3.22	-0.325483
3.23	-0.327995
3.24	-0.330466
3.25	-0.332897
3.26	-0.335288
3.27	-0.337637
3.28	-0.339946
3.29	-0.342213
3.3	-0.34444
3.31	-0.346625
3.32	-0.348769
3.33	-0.350872
3.34	-0.352934
3.35	-0.354954
3.36	-0.356933
3.37	-0.35887
3.38	-0.360766
3.39	-0.36262
3.4	-0.364432
3.41	-0.366203
3.42	-0.367932
3.43	-0.369619
3.44	-0.371264
3.45	-0.372868
3.46	-0.374429
3.47	-0.375949
3.48	-0.377427
3.49	-0.378862
3.5	-0.380256
3.51	-0.381608
3.52	-0.382918
3.53	-0.384186
3.54	-0.385412
3.55	-0.386596
3.56	-0.387739
3.57	-0.388839
3.58	-0.389897
3.59	-0.390914
3.6	-0.391888
3.61	-0.392821
3.62	-0.393712
3.63	-0.394561
3.64	-0.395369
3.65	-0.396135
3.66	-0.396859
3.67	-0.397541
3.68	-0.398182
3.69	-0.398781
3.7	-0.399339
3.71	-0.399856
3.72	-0.400331
3.73	-0.400765
3.74	-0.401158
3.75	-0.40151
3.76	-0.40182
3.77	-0.40209
3.78	-0.402319
3.79	-0.402507
3.8	-0.402654
3.81	-0.402761
3.82	-0.402827
3.83	-0.402853
3.84	-0.402839
3.85	-0.402784
3.86	-0.402689
3.87	-0.402555
3.88	-0.40238
3.89	-0.402166
3.9	-0.401912
3.91	-0.401619
3.92	-0.401286
3.93	-0.400914
3.94	-0.400503
3.95	-0.400053
3.96	-0.399564
3.97	-0.399036
3.98	-0.39847
3.99	-0.397866
4	-0.397223
4.01	-0.396542
4.02	-0.395823
4.03	-0.395067
4.04	-0.394273
4.05	-0.393442
4.06	-0.392573
4.07	-0.391667
4.08	-0.390724
4.09	-0.389745
4.1	-0.388729
4.11	-0.387677
4.12	-0.386588
4.13	-0.385464
4.14	-0.384304
4.15	-0.383108
4.16	-0.381877
4.17	-0.38061
4.18	-0.379309
4.19	-0.377973
4.2	-0.376602
4.21	-0.375197
4.22	-0.373758
4.23	-0.372285
4.24	-0.370778
4.25	-0.369238
4.26	-0.367664
4.27	-0.366057
4.28	-0.364418
4.29	-0.362746
4.3	-0.361042
4.31	-0.359305
4.32	-0.357537
4.33	-0.355737
4.34	-0.353905
4.35	-0.352043
4.36	-0.35015
4.37	-0.348226
4.38	-0.346271
4.39	-0.344287
4.4	-0.342272
4.41	-0.340228
4.42	-0.338155
4.43	-0.336052
4.44	-0.333921
4.45	-0.331761
4.46	-0.329573
4.47	-0.327357
4.48	-0.325113
4.49	-0.322841
4.5	-0.320543
4.51	-0.318217
4.52	-0.315865
4.53	-0.313486
4.54	-0.311082
4.55	-0.308651
4.56	-0.306195
4.57	-0.303714
4.58	-0.301208
4.59	-0.298677
4.6	-0.296122
4.61	-0.293543
4.62	-0.29094
4.63	-0.288314
4.64	-0.285665
4.65	-0.282993
4.66	-0.280298
4.67	-0.277581
4.68	-0.274842
4.69	-0.272081
4.7	-0.2693
4.71	-0.266497
4.72	-0.263673
4.73	-0.26083
4.74	-0.257966
4.75	-0.255082
4.76	-0.252179
4.77	-0.249257
4.78	-0.246316
4.79	-0.243356
4.8	-0.240379
4.81	-0.237383
4.82	-0.23437
4.83	-0.23134
4.84	-0.228293
4.85	-0.22523
4.86	-0.22215
4.87	-0.219055
4.88	-0.215944
4.89	-0.212818
4.9	-0.209677
4.91	-0.206521
4.92	-0.203351
4.93	-0.200167
4.94	-0.19697
4.95	-0.193759
4.96	-0.190536
4.97	-0.1873
4.98	-0.184052
4.99	-0.180792
5	-0.17752
5.01	-0.174237
5.02	-0.170944
5.03	-0.167639
5.04	-0.164325
5.05	-0.161001
5.06	-0.157667
5.07	-0.154324
5.08	-0.150972
5.09	-0.147612
5.1	-0.144244
5.11	-0.140867
5.12	-0.137484
5.13	-0.134093
5.14	-0.130695
5.15	-0.127291
5.16	-0.123881
5.17	-0.120465
5.18	-0.117043
5.19	-0.113617
5.2	-0.110186
5.21	-0.10675
5.22	-0.10331
5.23	-0.0998665
5.24	-0.0964195
5.25	-0.0929695
5.26	-0.0895167
5.27	-0.0860616
5.28	-0.0826044
5.29	-0.0791455
5.3	-0.0756852
5.31	-0.0722238
5.32	-0.0687618
5.33	-0.0652994
5.34	-0.0618369
5.35	-0.0583747
5.36	-0.0549132
5.37	-0.0514526
5.38	-0.0479933
5.39	-0.0445356
5.4	-0.0410799
5.41	-0.0376265
5.42	-0.0341757
5.43	-0.0307278
5.44	-0.0272832
5.45	-0.0238422
5.46	-0.0204051
5.47	-0.0169722
5.48	-0.013544
5.49	-0.0101206
5.5	-0.00670238
5.51	-0.00328974
5.52	0.000117049
5.53	0.00351767
5.54	0.0069118
5.55	0.0102991
5.56	0.0136793
5.57	0.0170521
5.58	0.0204171
5.59	0.0237741
5.6	0.0271227
5.61	0.0304626
5.62	0.0337935
5.63	0.0371151
5.64	0.0404272
5.65	0.0437293
5.66	0.0470212
5.67	0.0503027
5.68	0.0535733
5.69	0.0568328
5.7	0.0600809
5.71	0.0633174
5.72	0.0665418
5.73	0.069754
5.74	0.0729536
5.75	0.0761404
5.76	0.079314
5.77	0.0824742
5.78	0.0856207
5.79	0.0887532
5.8	0.0918715
5.81	0.0949752
5.82	0.098064
5.83	0.101138
5.84	0.104196
5.85	0.107239
5.86	0.110266
5.87	0.113277
5.88	0.116271
5.89	0.119248
5.9	0.122209
5.91	0.125152
5.92	0.128078
5.93	0.130986
5.94	0.133877
5.95	0.136749
5.96	0.139602
5.97	0.142437
5.98	0.145253
5.99	0.148049
6	0.150826
6.01	0.153584
6.02	0.156321
6.03	0.159039
6.04	0.161735
6.05	0.164412
6.06	0.167067
6.07	0.169702
6.08	0.172315
6.09	0.174907
6.1	0.177476
6.11	0.180024
6.12	0.18255
6.13	0.185054
6.14	0.187535
6.15	0.189993
6.16	0.192428
6.17	0.19484
6.18	0.197228
6.19	0.199594
6.2	0.201935
6.21	0.204252
6.22	0.206545
6.23	0.208814
6.24	0.211059
6.25	0.213278
6.26	0.215473
6.27	0.217643
6.28	0.219788
6.29	0.221907
6.3	0.224001
6.31	0.226069
6.32	0.228111
6.33	0.230127
6.34	0.232117
6.35	0.234081
6.36	0.236018
6.37	0.237929
6.38	0.239812
6.39	0.241669
6.4	0.243499
6.41	0.245302
6.42	0.247077
6.43	0.248825
6.44	0.250545
6.45	0.252238
6.46	0.253903
6.47	0.25554
6.48	0.257148
6.49	0.258729
6.5	0.260281
6.51	0.261805
6.52	0.263301
6.53	0.264768
6.54	0.266206
6.55	0.267615
6.56	0.268996
6.57	0.270347
6.58	0.27167
6.59	0.272963
6.6	0.274227
6.61	0.275462
6.62	0.276667
6.63	0.277843
6.64	0.278989
6.65	0.280106
6.66	0.281193
6.67	0.282251
6.68	0.283278
6.69	0.284276
6.7	0.285244
6.71	0.286182
6.72	0.28709
6.73	0.287967
6.74	0.288815
6.75	0.289633
6.76	0.290421
6.77	0.291178
6.78	0.291905
6.79	0.292602
6.8	0.293269
6.81	0.293905
6.82	0.294511
6.83	0.295087
6.84	0.295632
6.85	0.296147
6.86	0.296632
6.87	0.297087
6.88	0.297511
6.89	0.297904
6.9	0.298268
6.91	0.298601
6.92	0.298904
6.93	0.299176
6.94	0.299418
6.95	0.29963
6.96	0.299812
6.97	0.299963
6.98	0.300084
6.99	0.300175
7	0.300236
7.01	0.300267
7.02	0.300268
7.03	0.300239
7.04	0.30018
7.05	0.300091
7.06	0.299972
7.07	0.299823
7.08	0.299645
7.09	0.299437
7.1	0.299199
7.11	0.298931
7.12	0.298635
7.13	0.298308
7.14	0.297953
7.15	0.297568
7.16	0.297154
7.17	0.296711
7.18	0.296238
7.19	0.295737
7.2	0.295207
7.21	0.294648
7.22	0.294061
7.23	0.293445
7.24	0.2928
7.25	0.292128
7.26	0.291426
7.27	0.290697
7.28	0.28994
7.29	0.289154
7.3	0.288341
7.31	0.287501
7.32	0.286632
7.33	0.285736
7.34	0.284813
7.35	0.283863
7.36	0.282886
7.37	0.281881
7.38	0.28085
7.39	0.279792
7.4	0.278708
7.41	0.277597
7.42	0.27646
7.43	0.275297
7.44	0.274108
7.45	0.272893
7.46	0.271653
7.47	0.270387
7.48	0.269095
7.49	0.267779
7.5	0.266437
7.51	0.265071
7.52	0.26368
7.53	0.262265
7.54	0.260825
7.55	0.259361
7.56	0.257873
7.57	0.256361
7.58	0.254826
7.59	0.253267
7.6	0.251685
7.61	0.25008
7.62	0.248452
7.63	0.246801
7.64	0.245128
7.65	0.243432
7.66	0.241715
7.67	0.239975
7.68	0.238214
7.69	0.236431
7.7	0.234627
7.71	0.232802
7.72	0.230956
7.73	0.229089
7.74	0.227202
7.75	0.225294
7.76	0.223367
7.77	0.221419
7.78	0.219452
7.79	0.217466
7.8	0.21546
7.81	0.213435
7.82	0.211392
7.83	0.20933
7.84	0.20725
7.85	0.205152
7.86	0.203036
7.87	0.200902
7.88	0.198751
7.89	0.196583
7.9	0.194398
7.91	0.192196
7.92	0.189978
7.93	0.187744
7.94	0.185494
7.95	0.183228
7.96	0.180946
7.97	0.178649
7.98	0.176338
7.99	0.174011
8	0.171671
8.01	0.169316
8.02	0.166946
8.03	0.164564
8.04	0.162167
8.05	0.159758
8.06	0.157335
8.07	0.1549
8.08	0.152452
8.09	0.149993
8.1	0.147521
8.11	0.145037
8.12	0.142542
8.13	0.140036
8.14	0.137519
8.15	0.134991
8.16	0.132453
8.17	0.129905
8.18	0.127347
8.19	0.124779
8.2	0.122202
8.21	0.119616
8.22	0.117021
8.23	0.114418
8.24	0.111806
8.25	0.109186
8.26	0.106559
8.27	0.103924
8.28	0.101281
8.29	0.0986322
8.3	0.0959764
8.31	0.0933143
8.32	0.090646
8.33	0.0879718
8.34	0.085292
8.35	0.082607
8.36	0.0799169
8.37	0.077222
8.38	0.0745226
8.39	0.071819
8.4	0.0691114
8.41	0.0664001
8.42	0.0636855
8.43	0.0609676
8.44	0.0582469
8.45	0.0555236
8.46	0.052798
8.47	0.0500703
8.48	0.0473408
8.49	0.0446098
8.5	0.0418776
8.51	0.0391443
8.52	0.0364104
8.53	0.033676
8.54	0.0309415
8.55	0.0282071
8.56	0.025473
8.57	0.0227396
8.58	0.0200071
8.59	0.0172758
8.6	0.0145459
8.61	0.0118178
8.62	0.00909162
8.63	0.00636769
8.64	0.00364628
8.65	0.000927654
8.66	-0.00178793
8.67	-0.00450021
8.68	-0.00720891
8.69	-0.00991378
8.7	-0.0126145
8.71	-0.015311
8.72	-0.0180028
8.73	-0.0206897
8.74	-0.0233714
8.75	-0.0260478
8.76	-0.0287185
8.77	-0.0313833
8.78	-0.034042
8.79	-0.0366942
8.8	-0.0393397
8.81	-0.0419783
8.82	-0.0446097
8.83	-0.0472337
8.84	-0.04985
8.85	-0.0524583
8.86	-0.0550585
8.87	-0.0576502
8.88	-0.0602333
8.89	-0.0628074
8.9	-0.0653724
8.91	-0.067928
8.92	-0.0704739
8.93	-0.0730099
8.94	-0.0755358
8.95	-0.0780513
8.96	-0.0805562
8.97	-0.0830503
8.98	-0.0855333
8.99	-0.088005
9	-0.0904651
9.01	-0.0929135
9.02	-0.0953499
9.03	-0.0977741
9.04	-0.100186
9.05	-0.102585
9.06	-0.104971
9.07	-0.107344
9.08	-0.109704
9.09	-0.11205
9.1	-0.114382
9.11	-0.1167
9.12	-0.119005
9.13	-0.121294
9.14	-0.12357
9.15	-0.12583
9.16	-0.128075
9.17	-0.130305
9.18	-0.13252
9.19	-0.134719
9.2	-0.136902
9.21	-0.139069
9.22	-0.141219
9.23	-0.143354
9.24	-0.145471
9.25	-0.147572
9.26	-0.149656
9.27	-0.151723
9.28	-0.153772
9.29	-0.155804
9.3	-0.157818
9.31	-0.159814
9.32	-0.161791
9.33	-0.163751
9.34	-0.165692
9.35	-0.167615
9.36	-0.169518
9.37	-0.171403
9.38	-0.173269
9.39	-0.175115
9.4	-0.176942
9.41	-0.178749
9.42	-0.180537
9.43	-0.182304
9.44	-0.184051
9.45	-0.185779
9.46	-0.187485
9.47	-0.189172
9.48	-0.190837
9.49	-0.192482
9.5	-0.194106
9.51	-0.195708
9.52	-0.19729
9.53	-0.19885
9.54	-0.200388
9.55	-0.201905
9.56	-0.203401
9.57	-0.204874
9.58	-0.206325
9.59	-0.207754
9.6	-0.209161
9.61	-0.210546
9.62	-0.211908
9.63	-0.213247
9.64	-0.214564
9.65	-0.215858
9.66	-0.217129
9.67	-0.218377
9.68	-0.219602
9.69	-0.220804
9.7	-0.221982
9.71	-0.223137
9.72	-0.224268
9.73	-0.225376
9.74	-0.226461
9.75	-0.227521
9.76	-0.228558
9.77	-0.229571
9.78	-0.23056
9.79	-0.231524
9.8	-0.232465
9.81	-0.233382
9.82	-0.234274
9.83	-0.235142
9.84	-0.235985
9.85	-0.236804
9.86	-0.237599
9.87	-0.238369
9.88	-0.239115
9.89	-0.239835
9.9	-0.240532
9.91	-0.241203
9.92	-0.24185
9.93	-0.242471
9.94	-0.243068
9.95	-0.24364
9.96	-0.244187
9.97	-0.24471
9.98	-0.245207
9.99	-0.245679
10	-0.246126
10.01	-0.246548
10.02	-0.246945
10.03	-0.247317
10.04	-0.247664
10.05	-0.247986
10.06	-0.248283
10.07	-0.248554
10.08	-0.248801
10.09	-0.249022
10.1	-0.249219
10.11	-0.24939
10.12	-0.249536
10.13	-0.249657
10.14	-0.249753
10.15	-0.249824
10.16	-0.24987
10.17	-0.24989
10.18	-0.249886
10.19	-0.249857
10.2	-0.249803
10.21	-0.249724
10.22	-0.24962
10.23	-0.249492
10.24	-0.249338
10.25	-0.24916
10.26	-0.248957
10.27	-0.248729
10.28	-0.248477
10.29	-0.2482
10.3	-0.247899
10.31	-0.247573
10.32	-0.247222
10.33	-0.246848
10.34	-0.246449
10.35	-0.246026
10.36	-0.245578
10.37	-0.245107
10.38	-0.244611
10.39	-0.244092
10.4	-0.243548
10.41	-0.242981
10.42	-0.24239
10.43	-0.241775
10.44	-0.241137
10.45	-0.240475
10.46	-0.23979
10.47	-0.239082
10.48	-0.23835
10.49	-0.237596
10.5	-0.236818
10.51	-0.236017
10.52	-0.235194
10.53	-0.234347
10.54	-0.233479
10.55	-0.232587
10.56	-0.231673
10.57	-0.230737
10.58	-0.229779
10.59	-0.228799
10.6	-0.227797
10.61	-0.226773
10.62	-0.225727
10.63	-0.22466
10.64	-0.223571
10.65	-0.222461
10.66	-0.22133
10.67	-0.220177
10.68	-0.219004
10.69	-0.21781
10.7	-0.216595
10.71	-0.21536
10.72	-0.214105
10.73	-0.212829
10.74	-0.211533
10.75	-0.210217
10.76	-0.208882
10.77	-0.207526
10.78	-0.206152
10.79	-0.204758
10.8	-0.203344
10.81	-0.201912
10.82	-0.200461
10.83	-0.198991
10.84	-0.197503
10.85	-0.195996
10.86	-0.194471
10.87	-0.192929
10.88	-0.191368
10.89	-0.189789
10.9	-0.188193
10.91	-0.18658
10.92	-0.18495
10.93	-0.183302
10.94	-0.181638
10.95	-0.179957
10.96	-0.17826
10.97	-0.176546
10.98	-0.174816
10.99	-0.173071
11	-0.171309
11.01	-0.169533
11.02	-0.16774
11.03	-0.165933
11.04	-0.164111
11.05	-0.162274
11.06	-0.160422
11.07	-0.158556
11.08	-0.156676
11.09	-0.154782
11.1	-0.152874
11.11	-0.150953
11.12	-0.149018
11.13	-0.14707
11.14	-0.14511
11.15	-0.143136
11.16	-0.14115
11.17	-0.139152
11.18	-0.137141
11.19	-0.135119
11.2	-0.133084
11.21	-0.131039
11.22	-0.128982
11.23	-0.126914
11.24	-0.124835
11.25	-0.122746
11.26	-0.120646
11.27	-0.118536
11.28	-0.116416
11.29	-0.114286
11.3	-0.112147
11.31	-0.109998
11.32	-0.10784
11.33	-0.105674
11.34	-0.103498
11.35	-0.101315
11.36	-0.0991228
11.37	-0.0969229
11.38	-0.0947153
11.39	-0.0925001
11.4	-0.0902777
11.41	-0.0880482
11.42	-0.0858118
11.43	-0.0835688
11.44	-0.0813194
11.45	-0.0790639
11.46	-0.0768024
11.47	-0.0745353
11.48	-0.0722626
11.49	-0.0699847
11.5	-0.0677018
11.51	-0.0654141
11.52	-0.0631219
11.53	-0.0608253
11.54	-0.0585246
11.55	-0.0562201
11.56	-0.053912
11.57	-0.0516005
11.58	-0.0492858
11.59	-0.0469681
11.6	-0.0446478
11.61	-0.042325
11.62	-0.04
11.63	-0.037673
11.64	-0.0353442
11.65	-0.0330139
11.66	-0.0306823
11.67	-0.0283496
11.68	-0.0260161
11.69	-0.023682
11.7	-0.0213475
11.71	-0.0190129
11.72	-0.0166783
11.73	-0.0143441
11.74	-0.0120104
11.75	-0.00967756
11.76	-0.00734569
11.77	-0.00501507
11.78	-0.00268593
11.79	-0.000358495
11.8	0.001967
11.81	0.00429034
11.82	0.00661128
11.83	0.0089296
11.84	0.0112451
11.85	0.0135575
11.86	0.0158666
11.87	0.0181721
11.88	0.0204739
11.89	0.0227717
11.9	0.0250654
11.91	0.0273545
11.92	0.0296391
11.93	0.0319187
11.94	0.0341933
11.95	0.0364625
11.96	0.0387262
11.97	0.0409842
11.98	0.0432361
11.99	0.0454819
12	0.0477212
12.01	0.0499539
12.02	0.0521798
12.03	0.0543986
12.04	0.0566101
12.05	0.0588141
12.06	0.0610104
12.07	0.0631989
12.08	0.0653791
12.09	0.0675511
12.1	0.0697145
12.11	0.0718691
12.12	0.0740148
12.13	0.0761513
12.14	0.0782785
12.15	0.0803961
12.16	0.0825039
12.17	0.0846017
12.18	0.0866893
12.19	0.0887666
12.2	0.0908333
12.21	0.0928893
12.22	0.0949342
12.23	0.096968
12.24	0.0989905
12.25	0.101001
12.26	0.103001
12.27	0.104988
12.28	0.106963
12.29	0.108926
12.3	0.110876
12.31	0.112814
12.32	0.114739
12.33	0.116651
12.34	0.118549
12.35	0.120435
12.36	0.122306
12.37	0.124164
12.38	0.126008
12.39	0.127838
12.4	0.129654
12.41	0.131455
12.42	0.133242
12.43	0.135014
12.44	0.136771
12.45	0.138513
12.46	0.14024
12.47	0.141951
12.48	0.143647
12.49	0.145327
12.5	0.146991
12.51	0.148639
12.52	0.150271
12.53	0.151887
12.54	0.153486
12.55	0.155069
12.56	0.156634
12.57	0.158183
12.58	0.159715
12.59	0.16123
12.6	0.162727
12.61	0.164207
12.62	0.16567
12.63	0.167115
12.64	0.168541
12.65	0.16995
12.66	0.171341
12.67	0.172714
12.68	0.174068
12.69	0.175403
12.7	0.176721
12.71	0.178019
12.72	0.179299
12.73	0.18056
12.74	0.181801
12.75	0.183024
12.76	0.184227
12.77	0.185411
12.78	0.186576
12.79	0.18772
12.8	0.188846
12.81	0.189951
12.82	0.191037
12.83	0.192103
12.84	0.193149
12.85	0.194174
12.86	0.19518
12.87	0.196165
12.88	0.19713
12.89	0.198074
12.9	0.198998
12.91	0.199901
12.92	0.200783
12.93	0.201645
12.94	0.202486
12.95	0.203306
12.96	0.204105
12.97	0.204883
12.98	0.20564
12.99	0.206376
13	0.207091
13.01	0.207784
13.02	0.208457
13.03	0.209107
13.04	0.209737
13.05	0.210345
13.06	0.210931
13.07	0.211496
13.08	0.21204
13.09	0.212562
13.1	0.213062
13.11	0.21354
13.12	0.213997
13.13	0.214432
13.14	0.214845
13.15	0.215237
13.16	0.215607
13.17	0.215955
13.18	0.216281
13.19	0.216585
13.2	0.216867
13.21	0.217127
13.22	0.217366
13.23	0.217583
13.24	0.217777
13.25	0.21795
13.26	0.218101
13.27	0.21823
13.28	0.218337
13.29	0.218422
13.3	0.218486
13.31	0.218527
13.32	0.218546
13.33	0.218544
13.34	0.21852
13.35	0.218474
13.36	0.218406
13.37	0.218317
13.38	0.218205
13.39	0.218072
13.4	0.217918
13.41	0.217741
13.42	0.217543
13.43	0.217324
13.44	0.217083
13.45	0.21682
13.46	0.216536
13.47	0.21623
13.48	0.215903
13.49	0.215555
13.5	0.215186
13.51	0.214795
13.52	0.214383
13.53	0.21395
13.54	0.213496
13.55	0.21302
13.56	0.212524
13.57	0.212007
13.58	0.21147
13.59	0.210911
13.6	0.210332
13.61	0.209732
13.62	0.209112
13.63	0.208471
13.64	0.20781
13.65	0.207129
13.66	0.206427
13.67	0.205706
13.68	0.204964
13.69	0.204202
13.7	0.203421
13.71	0.20262
13.72	0.201799
13.73	0.200958
13.74	0.200098
13.75	0.199219
13.76	0.198321
13.77	0.197403
13.78	0.196466
13.79	0.19551
13.8	0.194536
13.81	0.193542
13.82	0.19253
13.83	0.1915
13.84	0.190451
13.85	0.189384
13.86	0.188299
13.87	0.187195
13.88	0.186074
13.89	0.184935
13.9	0.183778
13.91	0.182604
13.92	0.181413
13.93	0.180204
13.94	0.178978
13.95	0.177735
13.96	0.176475
13.97	0.175198
13.98	0.173905
13.99	0.172595
14	0.171269
14.01	0.169927
14.02	0.168569
14.03	0.167195
14.04	0.165805
14.05	0.1644
14.06	0.162979
14.07	0.161543
14.08	0.160091
14.09	0.158625
14.1	0.157144
14.11	0.155649
14.12	0.154139
14.13	0.152614
14.14	0.151075
14.15	0.149523
14.16	0.147956
14.17	0.146376
14.18	0.144783
14.19	0.143175
14.2	0.141555
14.21	0.139922
14.22	0.138276
14.23	0.136617
14.24	0.134946
14.25	0.133263
14.26	0.131567
14.27	0.129859
14.28	0.12814
14.29	0.126409
14.3	0.124667
14.31	0.122913
14.32	0.121148
14.33	0.119373
14.34	0.117587
14.35	0.11579
14.36	0.113983
14.37	0.112166
14.38	0.110338
14.39	0.108502
14.4	0.106655
14.41	0.104799
14.42	0.102934
14.43	0.10106
14.44	0.0991773
14.45	0.0972859
14.46	0.095386
14.47	0.093478
14.48	0.0915619
14.49	0.089638
14.5	0.0877064
14.51	0.0857674
14.52	0.0838212
14.53	0.081868
14.54	0.0799079
14.55	0.0779412
14.56	0.075968
14.57	0.0739886
14.58	0.0720032
14.59	0.070012
14.6	0.0680151
14.61	0.0660127
14.62	0.0640052
14.63	0.0619926
14.64	0.0599752
14.65	0.0579532
14.66	0.0559268
14.67	0.0538962
14.68	0.0518616
14.69	0.0498231
14.7	0.0477811
14.71	0.0457357
14.72	0.0436872
14.73	0.0416356
14.74	0.0395813
14.75	0.0375244
14.76	0.0354652
14.77	0.0334038
14.78	0.0313405
14.79	0.0292754
14.8	0.0272088
14.81	0.0251409
14.82	0.0230719
14.83	0.0210019
14.84	0.0189313
14.85	0.0168601
14.86	0.0147887
14.87	0.0127172
14.88	0.0106458
14.89	0.00857475
14.9	0.00650423
14.91	0.00443444
14.92	0.0023656
14.93	0.000297907
14.94	-0.00176843
14.95	-0.0038332
14.96	-0.00589621
14.97	-0.00795726
14.98	-0.0100161
14.99	-0.0120726
15	-0.0141265
